#Name	ID	RON	>=_1_O	>=_1_any_ring_size_3	>=_1_any_ring_size_5	>=_1_any_ring_size_6	>=_1_any_ring_size_7	>=_1_any_ring_size_8	>=_1_aromatic_ring	>=_1_hetero-aromatic_ring	>=_1_saturated_or_aromatic_carbon-only_ring_size_3	>=_1_saturated_or_aromatic_carbon-only_ring_size_5	>=_1_saturated_or_aromatic_carbon-only_ring_size_6	>=_1_saturated_or_aromatic_carbon-only_ring_size_7	>=_1_saturated_or_aromatic_carbon-only_ring_size_8	>=_1_saturated_or_aromatic_heteroatom-containing_ring_size_5	>=_16_H	>=_2_O	>=_4_C	>=_8_C	>=_8_H	Auto-Ignition	Boiling_Point	C(-C)(-C)(=C)	C(-C)(-C)(=O)	C(-C)(-H)(=C)	C(-C)(-H)(=O)	C(-C)(-O)(=O)	C(-C)(=C)	C(-C)(=O)	C(-H)(=C)	C(-H)(=O)	C(-O)(=O)	C(:C)(:C)	C(~C)(:C)	C(~C)(:C)(:C)	C(~C)(~C)	C(~C)(~C)(~C)	C(~C)(~C)(~C)(~C)	C(~C)(~C)(~C)(~H)	C(~C)(~C)(~C)(~O)	C(~C)(~C)(~H)(~O)	C(~C)(~C)(~O)	C(~C)(~H)(~O)	C(~C)(~O)	C(~H)(:C)	C(~H)(:C)(:C)	C(~H)(~H)(~H)	C(~H)(~O)	C(~O)(:C)	C(~O)(:C)(:C)	C(~O)(~O)	C-C(C)(C)-C-C	C-C(C)-C(C)-C	C-C(C)-C-C	C-C(C)-C-C-C	C-C-C(C)-C-C	C-C-C-C-C	C-C-C-C-C-C	C-C-C-C-C-C(C)-C	C-C-C-C-C-C-C	C-C-C-C-C-C-C-C	C-C-C-C:C	C-C-C-O-[#1]	C-C-C:C-C	C-C-C=C	C-C-C=C-C	C-C-O-C-C	C-C-O-C:C	C-C:C-C-C	C-C:C-C:C	C-C:C-O-C	C-C:C:C-C	C-C=C-C	C-C=C-C-C	C-C=C-C:C	C-C=C-C=C	C-O	C-O-C-C:C	C-O-C-C=C	C-O-C:C-C	C-O-C=C	C:C-C-C	C:C-C-C-C	C:C-C-C:C	C:C-C:C	C:C-C=C	C:C-C=C-C	C:C-O-C	C:C-O-C-C	C=C	C=C-C-C	C=C-C-C-C	C=C-C-O-C	C=C-C-O-[#1]	C=C-C:C	C=C-C=C	C=O	CC1C(C)CCC1	CC1C(C)CCCC1	CC1CC(C)CC1	CC1CC(C)CCC1	CC1CCC(C)CC1	Cc1c(C)cccc1	Cc1ccc(C)cc1	Complexity	Defined_Bond_Stereocenter_Count	Density	Exact_Mass	Flash_Point	Heavy_Atom_Count	Hydrogen_Bond_Acceptor_Count	Hydrogen_Bond_Donor_Count	LogP	Melting_Point	Molecular_Weight	Monoisotopic_Mass	O(:C)(:C)	O(~C)(~C)	O(~C)(~H)	O-C-C-C-C	O-C-C-C-C-C	O-C-C-C-C-C-C	O-C-C-C:C	O-C-C-C=C	O-C-C:C	O-C-C:C-C	O-C-C=C	O-C-C=C-C	O-C:C-C	O-C:C-C-C	O-C:C-[#1]	O-C:C:C-C	O-C=C-C	O-H	O=C-C-C	O=C-C-C-C	O=C-C-C-C-C	O=C-C-C:C	O=C-C:C	O=C-C:C-C	O=C-C=C	O=C-C=C-C	O=C-C=C-[#1]	Rotatable_Bond_Count	Topological_Polar_Surface_Area	Undefined_Atom_Stereocenter_Count	Undefined_Bond_Stereocenter_Count	Vapor_Density	Vapor_Pressure	XLogP3	XLogP3-AA	[#1]-C-C=C-[#1]	[#1]-C-O-[#1]	[#1]-C=C-[#1]
1-Butanol	263	98	1	0	0	0	0	0	0	0	0	0	0	0	0	0	0	0	1	0	1	343.3333	117.6	0	0	0	0	0	0	0	0	0	0	0	0	0	1	0	0	0	0	0	0	1	1	0	0	1	1	0	0	0	0	0	0	0	0	0	0	0	0	0	0	1	0	0	0	0	0	0	0	0	0	0	0	0	0	1	0	0	0	0	0	0	0	0	0	0	0	0	0	0	0	0	0	0	0	0	0	0	0	0	0	0	0	13.1	0	0.8098	74.0732	36.6667	5	1	1	0.88	-88.6	74.1216	74.0732	0	0	1	1	0	0	0	0	0	0	0	0	0	0	0	0	0	1	0	0	0	0	0	0	0	0	0	2	20.2	0	0	2.6	7	0.9	2.4206	0	1	0
Octane	356	0	0	0	0	0	0	0	0	0	0	0	0	0	0	0	1	0	1	1	1	206.1111	125.62	0	0	0	0	0	0	0	0	0	0	0	0	0	1	0	0	0	0	0	0	0	0	0	0	1	0	0	0	0	0	0	0	0	0	1	1	0	1	1	0	0	0	0	0	0	0	0	0	0	0	0	0	0	0	0	0	0	0	0	0	0	0	0	0	0	0	0	0	0	0	0	0	0	0	0	0	0	0	0	0	0	0	25	0	0.6986	114.1409	13.3333	8	0	0	5.18	-56.73	114.2285	114.1409	0	0	0	0	0	0	0	0	0	0	0	0	0	0	0	0	0	0	0	0	0	0	0	0	0	0	0	5	0	0	0	3.86	14.1	3.9	3.3176	0	0	0
Ethanol	702	109	1	0	0	0	0	0	0	0	0	0	0	0	0	0	0	0	0	0	0	685	78.29	0	0	0	0	0	0	0	0	0	0	0	0	0	0	0	0	0	0	0	0	1	1	0	0	1	1	0	0	0	0	0	0	0	0	0	0	0	0	0	0	0	0	0	0	0	0	0	0	0	0	0	0	0	0	1	0	0	0	0	0	0	0	0	0	0	0	0	0	0	0	0	0	0	0	0	0	0	0	0	0	0	0	2.8	0	0.7893	46.0419	1	3	1	1	-0.31	-114.14	46.0684	46.0419	0	0	1	0	0	0	0	0	0	0	0	0	0	0	0	0	0	1	0	0	0	0	0	0	0	0	0	0	20.2	0	0	1.59	59.3	-0.1	2.9332	0	1	0
n-Propanol	1031	104	1	0	0	0	0	0	0	0	0	0	0	0	0	0	0	0	0	0	1	412.7778	97.2	0	0	0	0	0	0	0	0	0	0	0	0	0	1	0	0	0	0	0	0	1	1	0	0	1	1	0	0	0	0	0	0	0	0	0	0	0	0	0	0	1	0	0	0	0	0	0	0	0	0	0	0	0	0	1	0	0	0	0	0	0	0	0	0	0	0	0	0	0	0	0	0	0	0	0	0	0	0	0	0	0	0	7.2	0	0.8053	60.0575	23	4	1	1	0.25	-127	60.095	60.0575	0	0	1	0	0	0	0	0	0	0	0	0	0	0	0	0	0	1	0	0	0	0	0	0	0	0	0	1	20.2	0	0	2.1	21	0.3	3.3575	0	1	0
2-propanol	3776	109	1	0	0	0	0	0	0	0	0	0	0	0	0	0	0	0	0	0	1	399	82.3	0	0	0	0	0	0	0	0	0	0	0	0	0	1	0	0	0	0	1	1	1	1	0	0	1	1	0	0	0	0	0	0	0	0	0	0	0	0	0	0	0	0	0	0	0	0	0	0	0	0	0	0	0	0	1	0	0	0	0	0	0	0	0	0	0	0	0	0	0	0	0	0	0	0	0	0	0	0	0	0	0	0	10.8	0	0.7851	60.0575	12	4	1	1	0.05	-87.9	60.095	60.0575	0	0	1	0	0	0	0	0	0	0	0	0	0	0	0	0	0	1	0	0	0	0	0	0	0	0	0	0	20.2	0	0	2.1	45.4	1.3096	0.3	0	1	0
Ethane	6324	114.9	0	0	0	0	0	0	0	0	0	0	0	0	0	0	0	0	0	0	0	472.2222	-88.6	0	0	0	0	0	0	0	0	0	0	0	0	0	0	0	0	0	0	0	0	0	0	0	0	1	0	0	0	0	0	0	0	0	0	0	0	0	0	0	0	0	0	0	0	0	0	0	0	0	0	0	0	0	0	0	0	0	0	0	0	0	0	0	0	0	0	0	0	0	0	0	0	0	0	0	0	0	0	0	0	0	0	0	0	1.0493	30.0469	-135	2	0	0	1.81	-182.794	30.069	30.0469	0	0	0	0	0	0	0	0	0	0	0	0	0	0	0	0	0	0	0	0	0	0	0	0	0	0	0	0	0	0	0	1.04	28842	2.705	1.3	0	0	0
Ethene	6325	97.3	0	0	0	0	0	0	0	0	0	0	0	0	0	0	0	0	0	0	0	450	-102.4	0	0	0	0	0	0	0	1	0	0	0	0	0	0	0	0	0	0	0	0	0	0	0	0	0	0	0	0	0	0	0	0	0	0	0	0	0	0	0	0	0	0	0	0	0	0	0	0	0	0	0	0	0	0	0	0	0	0	0	0	0	0	0	0	0	0	0	1	0	0	0	0	0	0	0	0	0	0	0	0	0	0	0	0	0.92	28.0313	0	2	0	0	1.13	-169	28.0532	28.0313	0	0	0	0	0	0	0	0	0	0	0	0	0	0	0	0	0	0	0	0	0	0	0	0	0	0	0	0	0	0	0	0.978	43302.6	2.2966	1.2	0	0	1
Propane	6334	111	0	0	0	0	0	0	0	0	0	0	0	0	0	0	0	0	0	0	1	450	-42.1	0	0	0	0	0	0	0	0	0	0	0	0	0	1	0	0	0	0	0	0	0	0	0	0	1	0	0	0	0	0	0	0	0	0	0	0	0	0	0	0	0	0	0	0	0	0	0	0	0	0	0	0	0	0	0	0	0	0	0	0	0	0	0	0	0	0	0	0	0	0	0	0	0	0	0	0	0	0	0	0	0	0	0	0	0.493	44.0626	-104.4444	3	0	0	2.36	-187.6	44.0956	44.0626	0	0	0	0	0	0	0	0	0	0	0	0	0	0	0	0	0	0	0	0	0	0	0	0	0	0	0	0	0	0	0	1.56	7150	3.3924	1.8	0	0	0
Methylpropane	6360	102.1	0	0	0	0	0	0	0	0	0	0	0	0	0	0	0	0	1	0	1	460	-11.7	0	0	0	0	0	0	0	0	0	0	0	0	0	1	1	0	1	0	0	0	0	0	0	0	1	0	0	0	0	0	0	0	0	0	0	0	0	0	0	0	0	0	0	0	0	0	0	0	0	0	0	0	0	0	0	0	0	0	0	0	0	0	0	0	0	0	0	0	0	0	0	0	0	0	0	0	0	0	0	0	0	0	4.8	0	0.5509	58.0782	0	4	0	0	2.76	-138.3	58.1222	58.0782	0	0	0	0	0	0	0	0	0	0	0	0	0	0	0	0	0	0	0	0	0	0	0	0	0	0	0	0	0	0	0	2.01	2611	1.603	2.1	0	0	0
"2,2-Dimethylbutane"	6403	91.8	0	0	0	0	0	0	0	0	0	0	0	0	0	0	0	0	1	0	1	405	49.7	0	0	0	0	0	0	0	0	0	0	0	0	0	1	1	1	0	0	0	0	0	0	0	0	1	0	0	0	0	1	0	1	0	0	0	0	0	0	0	0	0	0	0	0	0	0	0	0	0	0	0	0	0	0	0	0	0	0	0	0	0	0	0	0	0	0	0	0	0	0	0	0	0	0	0	0	0	0	0	0	0	0	29.8	0	0.6444	86.1095	-47.7778	6	0	0	3.82	-99.9	86.1754	86.1095	0	0	0	0	0	0	0	0	0	0	0	0	0	0	0	0	0	0	0	0	0	0	0	0	0	0	0	1	0	0	0	3	319	3.3924	3	0	0	0
2-Methylbutane	6556	92.3	0	0	0	0	0	0	0	0	0	0	0	0	0	0	0	0	1	0	1	420	27.8	0	0	0	0	0	0	0	0	0	0	0	0	0	1	1	0	1	0	0	0	0	0	0	0	1	0	0	0	0	0	0	1	0	0	0	0	0	0	0	0	0	0	0	0	0	0	0	0	0	0	0	0	0	0	0	0	0	0	0	0	0	0	0	0	0	0	0	0	0	0	0	0	0	0	0	0	0	0	0	0	0	0	14	0	0.6201	72.0939	-60	5	0	0	2.72	-159.77	72.1488	72.0939	0	0	0	0	0	0	0	0	0	0	0	0	0	0	0	0	0	0	0	0	0	0	0	0	0	0	0	1	0	0	0	2.48	689	1.4794	2.6	0	0	0
2-methylpropan-1-ol	6560	105	1	0	0	0	0	0	0	0	0	0	0	0	0	0	0	0	1	0	1	415	108	0	0	0	0	0	0	0	0	0	0	0	0	0	1	1	0	1	0	0	0	1	1	0	0	1	1	0	0	0	0	0	0	0	0	0	0	0	0	0	0	1	0	0	0	0	0	0	0	0	0	0	0	0	0	1	0	0	0	0	0	0	0	0	0	0	0	0	0	0	0	0	0	0	0	0	0	0	0	0	0	0	0	17.6	0	0.8018	74.0732	28	5	1	1	0.76	-108	74.1216	74.0732	0	0	1	0	0	0	0	0	0	0	0	0	0	0	0	0	0	1	0	0	0	0	0	0	0	0	0	1	20.2	0	0	2.56	10.4	0.8	3.7251	0	1	0
2-butanol	6568	107	1	0	0	0	0	0	0	0	0	0	0	0	0	0	0	0	1	0	1	763	99.5	0	0	0	0	0	0	0	0	0	0	0	0	0	1	0	0	0	0	1	1	1	1	0	0	1	1	0	0	0	0	0	0	0	0	0	0	0	0	0	0	1	0	0	0	0	0	0	0	0	0	0	0	0	0	1	0	0	0	0	0	0	0	0	0	0	0	0	0	0	0	0	0	0	0	0	0	0	0	0	0	0	0	19.6	0	0.8063	74.0732	24	5	1	1	0.61	-114	74.1216	74.0732	0	0	1	0	0	0	0	0	0	0	0	0	0	0	0	0	0	1	0	0	0	0	0	0	0	0	0	1	20.2	1	0	2.6	18.3	0.6	4.3561	0	1	0
2-Butanone	6569	105.3	1	0	0	0	0	0	0	0	0	0	0	0	0	0	0	0	1	0	1	505	79.59	0	1	0	0	0	0	1	0	0	0	0	0	0	1	0	0	0	0	0	1	0	1	0	0	1	0	0	0	0	0	0	0	0	0	0	0	0	0	0	0	0	0	0	0	0	0	0	0	0	0	0	0	0	0	1	0	0	0	0	0	0	0	0	0	0	0	0	0	0	0	0	0	0	0	1	0	0	0	0	0	0	0	38.9	0	0.805	72.0575	-8.8889	5	1	0	0.29	-86.67	72.1057	72.0575	0	0	0	0	0	0	0	0	0	0	0	0	0	0	0	0	0	0	1	0	0	0	0	0	0	0	0	1	17.1	0	0	2.41	90.6	0.3	3.8933	0	0	0
Methyl_acetate	6584	120	1	0	0	0	0	0	0	0	0	0	0	0	0	0	0	1	0	0	0	454.4444	56.7	0	0	0	0	1	0	1	0	0	1	0	0	0	0	0	0	0	0	0	0	0	1	0	0	1	1	0	0	1	0	0	0	0	0	0	0	0	0	0	0	0	0	0	0	0	0	0	0	0	0	0	0	0	0	1	0	0	0	0	0	0	0	0	0	0	0	0	0	0	0	0	0	0	0	1	0	0	0	0	0	0	0	40.2	0	0.9342	74.0368	-10	5	2	0	0.18	-98.2	74.0785	74.0368	0	1	0	0	0	0	0	0	0	0	0	0	0	0	0	0	0	0	0	0	0	0	0	0	0	0	0	1	26.3	0	0	2.55	216.2	0.2	2.8123	0	0	0
"2,3-Dimethylbutane"	6589	104.3	0	0	0	0	0	0	0	0	0	0	0	0	0	0	0	0	1	0	1	761	57.9	0	0	0	0	0	0	0	0	0	0	0	0	0	1	1	0	1	0	0	0	0	0	0	0	1	0	0	0	0	0	1	1	0	0	0	0	0	0	0	0	0	0	0	0	0	0	0	0	0	0	0	0	0	0	0	0	0	0	0	0	0	0	0	0	0	0	0	0	0	0	0	0	0	0	0	0	0	0	0	0	0	0	21	0	0.6616	86.1095	-20	6	0	0	3.42	-128.8	86.1754	86.1095	0	0	0	0	0	0	0	0	0	0	0	0	0	0	0	0	0	0	0	0	0	0	0	0	0	0	0	1	0	0	0	3	235	3.4	2.7097	0	0	0
O-Xylene	7237	120	0	0	0	1	0	0	1	0	0	0	1	0	0	0	0	0	1	1	1	463.8889	144.5	1	0	1	0	0	1	0	1	0	0	1	1	1	1	1	0	0	0	0	0	0	0	1	1	1	0	0	0	0	0	1	1	1	1	1	1	0	1	1	1	0	1	1	1	0	0	1	1	0	1	1	1	1	1	0	0	0	0	0	1	1	1	1	1	1	0	0	1	1	1	0	0	1	1	0	0	1	0	0	0	1	0	56.4	0	0.8801	106.0782	17.2222	8	0	0	3.12	-25.2	106.165	106.0782	0	0	0	0	0	0	0	0	0	0	0	0	0	0	0	0	0	0	0	0	0	0	0	0	0	0	0	0	0	0	0	3.7	6.61	3.1	3.4174	1	0	1
3-Methylpentane	7282	74.5	0	0	0	0	0	0	0	0	0	0	0	0	0	0	0	0	1	0	1	277.7778	63.271	0	0	0	0	0	0	0	0	0	0	0	0	0	1	1	0	1	0	0	0	0	0	0	0	1	0	0	0	0	0	0	1	0	1	1	0	0	0	0	0	0	0	0	0	0	0	0	0	0	0	0	0	0	0	0	0	0	0	0	0	0	0	0	0	0	0	0	0	0	0	0	0	0	0	0	0	0	0	0	0	0	0	19.2	0	0.6643	86.1095	20	6	0	0	3.6	-162.9	86.1754	86.1095	0	0	0	0	0	0	0	0	0	0	0	0	0	0	0	0	0	0	0	0	0	0	0	0	0	0	0	2	0	0	0	3	190	2.8098	3.2	0	0	0
3-Pentanone	7288	103	1	0	0	0	0	0	0	0	0	0	0	0	0	0	0	0	1	0	1	450	101.7	0	1	0	0	0	0	1	0	0	0	0	0	0	1	0	0	0	0	0	1	0	1	0	0	1	0	0	0	0	0	0	0	0	0	1	0	0	0	0	0	0	0	0	0	0	0	0	0	0	0	0	0	0	0	1	0	0	0	0	0	0	0	0	0	0	0	0	0	0	0	0	0	0	0	1	0	0	0	0	0	0	0	41.9	0	0.8098	86.0732	13	6	1	0	0.99	-39	86.1323	86.0732	0	0	0	0	0	0	0	0	0	0	0	0	0	0	0	0	0	0	1	0	0	0	0	0	0	0	0	2	17.1	0	0	3	37.7	2.8608	0.9	0	0	0
Methylcyclopentane	7296	89.3	0	0	1	0	0	0	0	0	0	1	0	0	0	0	0	0	1	0	1	496	71.8	0	0	0	0	0	0	0	0	0	0	0	0	0	1	1	0	1	0	0	0	0	0	0	0	1	0	0	0	0	0	0	1	1	1	1	1	0	0	0	0	0	0	0	0	0	0	0	0	0	0	0	0	0	0	0	0	0	0	0	0	0	0	0	0	0	0	0	0	0	0	0	0	0	0	0	0	0	0	0	0	0	0	33.3	0	0.7486	84.0939	20	6	0	0	3.37	-142.5	84.1595	84.0939	0	0	0	0	0	0	0	0	0	0	0	0	0	0	0	0	0	0	0	0	0	0	0	0	0	0	0	0	0	0	0	2.9	138	3.4	3.3595	0	0	0
Ethyl_2-methylpropanoate	7342	110.3	1	0	0	0	0	0	0	0	0	0	0	0	0	0	0	1	1	0	1	409.1868	92.3866	0	0	0	0	1	0	1	0	0	1	0	0	0	1	1	0	1	0	0	0	1	1	0	0	1	1	0	0	1	0	0	0	0	0	0	0	0	0	0	0	0	0	0	0	1	0	0	0	0	0	0	0	0	0	1	0	0	0	0	0	0	0	0	0	0	0	0	0	0	0	0	0	0	0	1	0	0	0	0	0	0	0	76.6	0	0.7303	116.0837	70	8	2	0	3.5659	-96.0873	116.1583	116.0837	0	1	0	0	0	0	0	0	0	0	0	0	0	0	0	0	0	0	1	0	0	0	0	0	0	0	0	3	26.3	0	0	3.3074	1427.1489	3.4325	1.5	0	0	0
1-Isopropyl-4-methylcyclohexane	7459	67.3	0	0	0	1	0	0	0	0	0	0	1	0	0	0	1	0	1	1	1	434.1741	170.9	0	0	0	0	0	0	0	0	0	0	0	0	0	1	1	0	1	0	0	0	0	0	0	0	1	0	0	0	0	0	1	1	1	1	1	1	1	1	1	0	0	0	0	0	0	0	0	0	0	0	0	0	0	0	0	0	0	0	0	0	0	0	0	0	0	0	0	0	0	0	0	0	0	0	0	0	0	0	0	1	0	0	86.2	0	0.8039	140.1565	5.6986	10	0	0	2.1986	-89.84	140.2658	140.1565	0	0	0	0	0	0	0	0	0	0	0	0	0	0	0	0	0	0	0	0	0	0	0	0	0	0	0	1	0	0	0	2.5298	1520.4829	1.4794	4.5	0	0	0
para-Cymene	7463	67.3	0	0	0	1	0	0	1	0	0	0	1	0	0	0	0	0	1	1	1	436	177.1	1	0	1	0	0	1	0	1	0	0	1	1	1	1	1	0	1	0	0	0	0	0	1	1	1	0	0	0	0	0	1	1	1	1	1	1	1	1	1	1	0	1	1	1	0	0	1	1	0	1	1	1	1	1	0	0	0	0	0	1	1	1	1	1	1	0	0	1	1	1	0	0	1	1	0	0	0	0	0	1	0	1	86.2	0	0.8573	134.1096	47.2222	10	0	0	4.1	-68.9	134.2182	134.1096	0	0	0	0	0	0	0	0	0	0	0	0	0	0	0	0	0	0	0	0	0	0	0	0	0	0	0	1	0	0	0	4.62	1.5	4.1	3.8571	1	0	1
Ethylbenzene	7500	107	0	0	0	1	0	0	1	0	0	0	1	0	0	0	0	0	1	1	1	810	136.1	1	0	1	0	0	1	0	1	0	0	1	1	1	1	1	0	0	0	0	0	0	0	1	1	1	0	0	0	0	0	0	1	1	1	1	1	0	1	1	1	0	1	1	1	0	0	1	1	0	1	1	1	1	1	0	0	0	0	0	1	1	1	1	1	1	0	0	1	1	1	0	0	1	1	0	0	0	0	0	0	0	0	51.1	0	0.867	106.0782	12.8	8	0	0	3.15	-94.9	106.165	106.0782	0	0	0	0	0	0	0	0	0	0	0	0	0	0	0	0	0	0	0	0	0	0	0	0	0	0	0	1	0	0	0	3.66	9.6	3.1	3.3561	1	0	1
Methoxybenzene	7519	103.3	1	0	0	1	0	0	1	0	0	0	1	0	0	0	0	0	1	0	1	887	155.5	0	0	1	0	0	1	0	1	0	0	1	1	0	1	0	0	0	0	0	1	0	1	1	1	1	1	1	1	0	0	0	0	0	0	1	1	0	0	0	1	0	1	1	1	0	0	1	1	1	1	1	1	1	1	1	1	1	1	1	1	1	1	1	1	1	1	0	1	1	1	1	0	1	1	0	0	0	0	0	0	0	0	55.4	0	0.9956	108.0575	52	8	1	0	2.11	-37.3	108.1378	108.0575	0	1	0	1	1	1	1	1	1	1	1	1	1	1	1	1	1	0	0	0	0	0	0	0	0	0	0	1	9.2	0	0	3.72	0.472	2.1	2.2442	1	0	1
Propylbenzene	7668	111	0	0	0	1	0	0	1	0	0	0	1	0	0	0	0	0	1	1	1	450	159.2	1	0	1	0	0	1	0	1	0	0	1	1	1	1	1	0	0	0	0	0	0	0	1	1	1	0	0	0	0	0	0	1	1	1	1	1	0	1	1	1	0	1	1	1	0	0	1	1	0	1	1	1	1	1	0	0	0	0	0	1	1	1	1	1	1	0	0	1	1	1	0	0	1	1	0	0	0	0	0	0	0	0	60.4	0	0.862	120.0939	30	9	0	0	3.69	-99.5	120.1916	120.0939	0	0	0	0	0	0	0	0	0	0	0	0	0	0	0	0	0	0	0	0	0	0	0	0	0	0	0	2	0	0	0	4.14	3.42	3.7	2.9	1	0	1
Ethyl_buanoate	7762	115.4	1	0	0	0	0	0	0	0	0	0	0	0	0	0	0	1	1	0	1	462.7778	120.5	0	0	0	0	1	0	1	0	0	1	0	0	0	1	0	0	0	0	0	0	1	1	0	0	1	1	0	0	1	0	0	0	0	0	0	0	0	0	0	0	0	0	0	0	1	0	0	0	0	0	0	0	0	0	1	0	0	0	0	0	0	0	0	0	0	0	0	0	0	0	0	0	0	0	1	0	0	0	0	0	0	0	68.9	0	0.8735	116.0837	23.8889	8	2	0	1.85	-97	116.1583	116.0837	0	1	0	1	0	0	0	0	0	0	0	0	0	0	0	0	0	0	1	1	0	0	0	0	0	0	0	4	26.3	0	0	4	14	2.6496	1.3	0	0	0
Butane	7843	94	0	0	0	0	0	0	0	0	0	0	0	0	0	0	0	0	1	0	1	287.7778	-0.5	0	0	0	0	0	0	0	0	0	0	0	0	0	1	0	0	0	0	0	0	0	0	0	0	1	0	0	0	0	0	0	0	0	0	0	0	0	0	0	0	0	0	0	0	0	0	0	0	0	0	0	0	0	0	0	0	0	0	0	0	0	0	0	0	0	0	0	0	0	0	0	0	0	0	0	0	0	0	0	0	0	0	2	0	0.573	58.0782	-76	4	0	0	2.89	-138.3	58.1222	58.0782	0	0	0	0	0	0	0	0	0	0	0	0	0	0	0	0	0	0	0	0	0	0	0	0	0	0	0	1	0	0	0	2.046	1820	2.9	3.2451	0	0	0
1-Butene	7844	98.8	0	0	0	0	0	0	0	0	0	0	0	0	0	0	0	0	1	0	1	725	-6.47	0	0	1	0	0	1	0	1	0	0	0	0	0	1	0	0	0	0	0	0	0	0	0	0	1	0	0	0	0	0	0	0	0	0	0	0	0	0	0	0	0	0	1	0	0	0	0	0	0	0	0	0	0	0	0	0	0	0	0	0	0	0	0	0	0	0	0	1	1	0	0	0	0	0	0	0	0	0	0	0	0	0	14	0	0.577	56.0626	0	4	0	0	2.4	-185.3	56.1063	56.0626	0	0	0	0	0	0	0	0	0	0	0	0	0	0	0	0	0	0	0	0	0	0	0	0	0	0	0	1	0	0	0	1.93	2253	2.4	3.6515	1	0	1
"2,4,4-Trimethyl-1-Pentene"	7868	106	0	0	0	0	0	0	0	0	0	0	0	0	0	0	1	0	1	1	1	736	101.4	1	0	0	0	0	1	0	1	0	0	0	0	0	1	1	1	0	0	0	0	0	0	0	0	1	0	0	0	0	1	0	1	1	0	1	0	0	0	0	0	0	0	1	0	0	0	0	0	0	0	0	0	0	0	0	0	0	0	0	0	0	0	0	0	0	0	0	1	1	1	0	0	0	0	0	0	0	0	0	0	0	0	82.7	0	0.715	112.1252	23	8	0	0	4.55	-93.5	112.2126	112.1252	0	0	0	0	0	0	0	0	0	0	0	0	0	0	0	0	0	0	0	0	0	0	0	0	0	0	0	2	0	0	0	3.8	44.7	2.7561	3.7	1	0	0
"2,4,4-Trimethyl-2-Pentene"	7869	103.5	0	0	0	0	0	0	0	0	0	0	0	0	0	0	1	0	1	1	1	581	104.9	1	0	1	0	0	1	0	1	0	0	0	0	0	1	1	1	0	0	0	0	0	0	0	0	1	0	0	0	0	0	0	0	0	0	0	0	0	0	0	0	0	0	1	1	0	0	0	0	0	0	1	1	0	0	0	0	0	0	0	0	0	0	0	0	0	0	0	1	1	0	0	0	0	0	0	0	0	0	0	0	0	0	87.1	0	0.7218	112.1252	35	8	0	0	3.4109	-106.3	112.2126	112.1252	0	0	0	0	0	0	0	0	0	0	0	0	0	0	0	0	0	0	0	0	0	0	0	0	0	0	0	1	0	0	0	3.8	35.9	2.8169	3.6	1	0	0
2-Methylpentane	7892	73.4	0	0	0	0	0	0	0	0	0	0	0	0	0	0	0	0	1	0	1	306.1111	60.21	0	0	0	0	0	0	0	0	0	0	0	0	0	1	1	0	1	0	0	0	0	0	0	0	1	0	0	0	0	0	0	1	1	0	1	0	0	0	0	0	0	0	0	0	0	0	0	0	0	0	0	0	0	0	0	0	0	0	0	0	0	0	0	0	0	0	0	0	0	0	0	0	0	0	0	0	0	0	0	0	0	0	21.2	0	0.655	86.1095	20	6	0	0	3.21	-153.6	86.1754	86.1095	0	0	0	0	0	0	0	0	0	0	0	0	0	0	0	0	0	0	0	0	0	0	0	0	0	0	0	2	0	0	0	3	211	3.1071	3.2	0	0	0
2-pentanone	7895	105.7	1	0	0	0	0	0	0	0	0	0	0	0	0	0	0	0	1	0	1	452.2222	102.26	0	1	0	0	0	0	1	0	0	0	0	0	0	1	0	0	0	0	0	1	0	1	0	0	1	0	0	0	0	0	0	0	0	0	1	0	0	0	0	0	0	0	0	0	0	0	0	0	0	0	0	0	0	0	1	0	0	0	0	0	0	0	0	0	0	0	0	0	0	0	0	0	0	0	1	0	0	0	0	0	0	0	47.9	0	0.809	86.0732	7.2222	6	1	0	0.91	-76.8	86.1323	86.0732	0	0	0	0	0	0	0	0	0	0	0	0	0	0	0	0	0	0	1	1	0	0	0	0	0	0	0	2	17.1	0	0	2.96	35.4	0.9	3.4294	0	0	0
"2,4-Dimethylpentane"	7907	83.1	0	0	0	0	0	0	0	0	0	0	0	0	0	0	1	0	1	0	1	430.7816	72.0558	0	0	0	0	0	0	0	0	0	0	0	0	0	1	1	0	1	0	0	0	0	0	0	0	1	0	0	0	0	0	0	1	1	0	1	0	0	0	0	0	0	0	0	0	0	0	0	0	0	0	0	0	0	0	0	0	0	0	0	0	0	0	0	0	0	0	0	0	0	0	0	0	0	0	0	0	0	0	0	0	0	0	29.3	0	0.6943	100.1252	18.6003	7	0	0	2.6225	-106.6411	100.2019	100.1252	0	0	0	0	0	0	0	0	0	0	0	0	0	0	0	0	0	0	0	0	0	0	0	0	0	0	0	2	0	0	0	2.0674	674.1293	2.6733	3.4	0	0	0
4-Methylpentan-2-ol	7910	102	1	0	0	0	0	0	0	0	0	0	0	0	0	0	0	0	1	0	1	424.9678	133	0	0	0	0	0	0	0	0	0	0	0	0	0	1	1	0	1	0	1	1	1	1	0	0	1	1	0	0	0	0	0	1	1	0	1	0	0	0	0	0	1	0	0	0	0	0	0	0	0	0	0	0	0	0	1	0	0	0	0	0	0	0	0	0	0	0	0	0	0	0	0	0	0	0	0	0	0	0	0	0	0	0	41.4	0	0.8075	102.1045	105	7	1	1	1.43	-90	102.1748	102.1045	0	0	1	1	0	0	0	0	0	0	0	0	0	0	0	0	0	1	0	0	0	0	0	0	0	0	0	2	20.2	1	0	1	2.8	2.8554	1.7	0	1	0
"1-Methylethyl_ester,_acetic_acid"	7915	102.9	1	0	0	0	0	0	0	0	0	0	0	0	0	0	0	1	1	0	1	460	88.6	0	0	0	0	1	0	1	0	0	1	0	0	0	1	0	0	0	0	1	1	1	1	0	0	1	1	0	0	1	0	0	0	0	0	0	0	0	0	0	0	0	0	0	0	1	0	0	0	0	0	0	0	0	0	1	0	0	0	0	0	0	0	0	0	0	0	0	0	0	0	0	0	0	0	1	0	0	0	0	0	0	0	66.5	0	0.8718	102.0681	2	7	2	0	1.02	-73.4	102.1317	102.0681	0	1	0	0	0	0	0	0	0	0	0	0	0	0	0	0	0	0	0	0	0	0	0	0	0	0	0	2	26.3	0	0	3.52	60.37	3.2724	0.9	0	0	0
Methylcyclohexane	7962	73.8	0	0	0	1	0	0	0	0	0	0	1	0	0	0	0	0	1	0	1	250	100.9	0	0	0	0	0	0	0	0	0	0	0	0	0	1	1	0	1	0	0	0	0	0	0	0	1	0	0	0	0	0	0	1	1	1	1	1	0	1	0	0	0	0	0	0	0	0	0	0	0	0	0	0	0	0	0	0	0	0	0	0	0	0	0	0	0	0	0	0	0	0	0	0	0	0	0	0	0	0	0	0	0	0	42	0	0.7694	98.1095	-3.8889	7	0	0	3.61	-126.6	98.1861	98.1095	0	0	0	0	0	0	0	0	0	0	0	0	0	0	0	0	0	0	0	0	0	0	0	0	0	0	0	0	0	0	0	3.39	46	3.6	3.4615	0	0	0
Pentane	8003	61.8	0	0	0	0	0	0	0	0	0	0	0	0	0	0	0	0	1	0	1	260	36.06	0	0	0	0	0	0	0	0	0	0	0	0	0	1	0	0	0	0	0	0	0	0	0	0	1	0	0	0	0	0	0	0	0	0	1	0	0	0	0	0	0	0	0	0	0	0	0	0	0	0	0	0	0	0	0	0	0	0	0	0	0	0	0	0	0	0	0	0	0	0	0	0	0	0	0	0	0	0	0	0	0	0	7.5	0	0.6262	72.0939	-40	5	0	0	3.39	-129.67	72.1488	72.0939	0	0	0	0	0	0	0	0	0	0	0	0	0	0	0	0	0	0	0	0	0	0	0	0	0	0	0	2	0	0	0	2.48	514	3.4	2.3356	0	0	0
1-Pentene	8004	87.9	0	0	0	0	0	0	0	0	0	0	0	0	0	0	0	0	1	0	1	527	29.9	0	0	1	0	0	1	0	1	0	0	0	0	0	1	0	0	0	0	0	0	0	0	0	0	1	0	0	0	0	0	0	0	0	0	0	0	0	0	0	0	0	0	1	0	0	0	0	0	0	0	0	0	0	0	0	0	0	0	0	0	0	0	0	0	0	0	0	1	1	1	0	0	0	0	0	0	0	0	0	0	0	0	21.2	0	0.6405	70.0782	-18	5	0	0	3.2109	-165.2	70.1329	70.0782	0	0	0	0	0	0	0	0	0	0	0	0	0	0	0	0	0	0	0	0	0	0	0	0	0	0	0	2	0	0	0	2.42	635	3.0331	2.4	1	0	1
Hexane	8058	24.8	0	0	0	0	0	0	0	0	0	0	0	0	0	0	0	0	1	0	1	225	68.73	0	0	0	0	0	0	0	0	0	0	0	0	0	1	0	0	0	0	0	0	0	0	0	0	1	0	0	0	0	0	0	0	0	0	1	1	0	0	0	0	0	0	0	0	0	0	0	0	0	0	0	0	0	0	0	0	0	0	0	0	0	0	0	0	0	0	0	0	0	0	0	0	0	0	0	0	0	0	0	0	0	0	12	0	0.6606	86.1095	-21.6667	6	0	0	3.9	-95.35	86.1754	86.1095	0	0	0	0	0	0	0	0	0	0	0	0	0	0	0	0	0	0	0	0	0	0	0	0	0	0	0	3	0	0	0	2.97	153	3.9	3.2904	0	0	0
Cyclohexane	8078	84	0	0	0	1	0	0	0	0	0	0	1	0	0	0	0	0	1	0	1	245	80.7	0	0	0	0	0	0	0	0	0	0	0	0	0	1	0	0	0	0	0	0	0	0	0	0	0	0	0	0	0	0	0	0	0	0	1	1	0	0	0	0	0	0	0	0	0	0	0	0	0	0	0	0	0	0	0	0	0	0	0	0	0	0	0	0	0	0	0	0	0	0	0	0	0	0	0	0	0	0	0	0	0	0	15.5	0	0.7781	84.0939	-17.2222	6	0	0	3.44	6.47	84.1595	84.0939	0	0	0	0	0	0	0	0	0	0	0	0	0	0	0	0	0	0	0	0	0	0	0	0	0	0	0	0	0	0	0	2.98	96.9	3.4	3.547	0	0	0
1-Octene	8125	28.7	0	0	0	0	0	0	0	0	0	0	0	0	0	0	1	0	1	1	1	446	121.2	0	0	1	0	0	1	0	1	0	0	0	0	0	1	0	0	0	0	0	0	0	0	0	0	1	0	0	0	0	0	0	0	0	0	1	1	0	1	0	0	0	0	1	0	0	0	0	0	0	0	0	0	0	0	0	0	0	0	0	0	0	0	0	0	0	0	0	1	1	1	0	0	0	0	0	0	0	0	0	0	0	0	46	0	0.7149	112.1252	70	8	0	0	4.57	-101.7	112.2126	112.1252	0	0	0	0	0	0	0	0	0	0	0	0	0	0	0	0	0	0	0	0	0	0	0	0	0	0	0	5	0	0	0	3.87	17.4	4.6	3.0453	1	0	1
2-Octene	8126	56.3	0	0	0	0	0	0	0	0	0	0	0	0	0	0	1	0	1	1	1	264.9478	83.3078	0	0	1	0	0	1	0	1	0	0	0	0	0	1	0	0	0	0	0	0	0	0	0	0	1	0	0	0	0	0	0	0	0	0	1	1	0	0	0	0	0	0	1	1	0	0	0	0	0	0	1	1	0	0	0	0	0	0	0	0	0	0	0	0	0	0	0	1	1	1	0	0	0	0	0	0	0	0	0	0	0	0	53.1	0	1.3252	112.1252	5.6986	8	0	0	2.1986	-101.4429	112.2126	112.1252	0	0	0	0	0	0	0	0	0	0	0	0	0	0	0	0	0	0	0	0	0	0	0	0	0	0	0	4	0	0	1	2.5298	1520.4829	2.2966	3.7	1	0	1
Propene	8252	101.8	0	0	0	0	0	0	0	0	0	0	0	0	0	0	0	0	0	0	0	455	-48	0	0	1	0	0	1	0	1	0	0	0	0	0	1	0	0	0	0	0	0	0	0	0	0	1	0	0	0	0	0	0	0	0	0	0	0	0	0	0	0	0	0	0	0	0	0	0	0	0	0	0	0	0	0	0	0	0	0	0	0	0	0	0	0	0	0	0	1	0	0	0	0	0	0	0	0	0	0	0	0	0	0	7.5	0	0.5139	42.047	-107.7778	3	0	0	1.77	-185	42.0797	42.047	0	0	0	0	0	0	0	0	0	0	0	0	0	0	0	0	0	0	0	0	0	0	0	0	0	0	0	0	0	0	0	1.49	8690	2.2825	1.4	1	0	1
2-Methylpropene	8255	106.3	0	0	0	0	0	0	0	0	0	0	0	0	0	0	0	0	1	0	1	869	-6.9	1	0	0	0	0	1	0	1	0	0	0	0	0	1	1	0	0	0	0	0	0	0	0	0	1	0	0	0	0	0	0	0	0	0	0	0	0	0	0	0	0	0	0	0	0	0	0	0	0	0	0	0	0	0	0	0	0	0	0	0	0	0	0	0	0	0	0	1	0	0	0	0	0	0	0	0	0	0	0	0	0	0	23	0	0.589	56.0626	-76.1	4	0	0	2.34	-140.4	56.1063	56.0626	0	0	0	0	0	0	0	0	0	0	0	0	0	0	0	0	0	0	0	0	0	0	0	0	0	0	0	0	0	0	0	1.94	2308	2.7205	2.1	1	0	0
2-Methyl-3-buten-2-ol	8257	106.6	1	0	0	0	0	0	0	0	0	0	0	0	0	0	0	0	1	0	1	380	97	0	0	1	0	0	1	0	1	0	0	0	0	0	1	1	0	0	1	0	1	0	1	0	0	1	0	0	0	0	0	0	0	0	0	0	0	0	0	0	0	0	0	1	0	0	0	0	0	0	0	0	0	0	0	1	0	0	0	0	0	0	0	0	0	0	0	0	1	1	0	0	1	0	0	0	0	0	0	0	0	0	0	55	0	0.8	86.0732	10	6	1	1	0.66	-28	86.1323	86.0732	0	0	1	0	0	0	0	0	0	0	1	0	0	0	0	0	0	1	0	0	0	0	0	0	0	0	0	1	20.2	0	0	1	618.7704	0.8	3.5967	0	0	1
Cyclopentanone	8452	104	1	0	1	0	0	0	0	0	0	1	0	0	0	0	0	0	1	0	1	434.1741	130.6	0	1	0	0	0	0	1	0	0	0	0	0	0	1	0	0	0	0	0	1	0	1	0	0	0	0	0	0	0	0	0	0	0	0	1	0	0	0	0	0	0	0	0	0	0	0	0	0	0	0	0	0	0	0	1	0	0	0	0	0	0	0	0	0	0	0	0	0	0	0	0	0	0	0	1	0	0	0	0	0	0	0	58.3	0	0.9487	84.0575	87	6	1	0	0.24	-51.3	84.1164	84.0575	0	0	0	0	0	0	0	0	0	0	0	0	0	0	0	0	0	0	1	1	1	0	0	0	0	0	0	0	17.1	0	0	2.3	11.4	0.4	3.0612	0	0	0
2-methyl-butanol	8723	101	1	0	0	0	0	0	0	0	0	0	0	0	0	0	0	0	1	0	1	725	128	0	0	0	0	0	0	0	0	0	0	0	0	0	1	1	0	1	0	0	0	1	1	0	0	1	1	0	0	0	0	0	1	0	0	0	0	0	0	0	0	1	0	0	0	0	0	0	0	0	0	0	0	0	0	1	0	0	0	0	0	0	0	0	0	0	0	0	0	0	0	0	0	0	0	0	0	0	0	0	0	0	0	27.1	0	0.816	88.0888	50	6	1	1	1.29	-70	88.1482	88.0888	0	0	1	1	0	0	0	0	0	0	0	0	0	0	0	0	0	1	0	0	0	0	0	0	0	0	0	2	20.2	1	0	3	3.13	3.131	1.2	0	1	0
Ethyl_acetate	8857	118	1	0	0	0	0	0	0	0	0	0	0	0	0	0	0	1	1	0	1	427	77.1	0	0	0	0	1	0	1	0	0	1	0	0	0	0	0	0	0	0	0	0	1	1	0	0	1	1	0	0	1	0	0	0	0	0	0	0	0	0	0	0	0	0	0	0	1	0	0	0	0	0	0	0	0	0	1	0	0	0	0	0	0	0	0	0	0	0	0	0	0	0	0	0	0	0	1	0	0	0	0	0	0	0	49.5	0	0.9003	88.0524	-4	6	2	0	0.73	-83.8	88.1051	88.0524	0	1	0	0	0	0	0	0	0	0	0	0	0	0	0	0	0	0	0	0	0	0	0	0	0	0	0	2	26.3	0	0	3.04	93.2	0.7	3.9803	0	0	0
Heptane	8900	0	0	0	0	0	0	0	0	0	0	0	0	0	0	0	1	0	1	0	1	285	98.38	0	0	0	0	0	0	0	0	0	0	0	0	0	1	0	0	0	0	0	0	0	0	0	0	1	0	0	0	0	0	0	0	0	0	1	1	0	1	0	0	0	0	0	0	0	0	0	0	0	0	0	0	0	0	0	0	0	0	0	0	0	0	0	0	0	0	0	0	0	0	0	0	0	0	0	0	0	0	0	0	0	0	19.2	0	0.6795	100.1252	-3.8889	7	0	0	4.66	-90.549	100.2019	100.1252	0	0	0	0	0	0	0	0	0	0	0	0	0	0	0	0	0	0	0	0	0	0	0	0	0	0	0	4	0	0	0	3.45	46	4.4	3.4499	0	0	0
Cyclopentane	9253	101.6	0	0	1	0	0	0	0	0	0	1	0	0	0	0	0	0	1	0	1	361.1111	49.2	0	0	0	0	0	0	0	0	0	0	0	0	0	1	0	0	0	0	0	0	0	0	0	0	0	0	0	0	0	0	0	0	0	0	1	0	0	0	0	0	0	0	0	0	0	0	0	0	0	0	0	0	0	0	0	0	0	0	0	0	0	0	0	0	0	0	0	0	0	0	0	0	0	0	0	0	0	0	0	0	0	0	11.6	0	0.7457	70.0782	-20	5	0	0	3	-93.4	70.1329	70.0782	0	0	0	0	0	0	0	0	0	0	0	0	0	0	0	0	0	0	0	0	0	0	0	0	0	0	0	0	0	0	0	2.42	317.8	3	2.872	0	0	0
Cycloheptane	9265	38.9	0	0	0	0	1	0	0	0	0	0	0	1	0	0	0	0	1	0	1	264.9478	118.48	0	0	0	0	0	0	0	0	0	0	0	0	0	1	0	0	0	0	0	0	0	0	0	0	0	0	0	0	0	0	0	0	0	0	1	1	0	1	0	0	0	0	0	0	0	0	0	0	0	0	0	0	0	0	0	0	0	0	0	0	0	0	0	0	0	0	0	0	0	0	0	0	0	0	0	0	0	0	0	0	0	0	19.7	0	0.8098	98.1095	6	7	0	0	4	-8	98.1861	98.1095	0	0	0	0	0	0	0	0	0	0	0	0	0	0	0	0	0	0	0	0	0	0	0	0	0	0	0	0	0	0	0	3.3	21.6	4	3.3595	0	0	0
Cyclooctane	9266	71	0	0	0	0	0	1	0	0	0	0	0	0	1	0	1	0	1	1	1	353.2745	113.0167	0	0	0	0	0	0	0	0	0	0	0	0	0	1	0	0	0	0	0	0	0	0	0	0	0	0	0	0	0	0	0	0	0	0	1	1	0	1	1	0	0	0	0	0	0	0	0	0	0	0	0	0	0	0	0	0	0	0	0	0	0	0	0	0	0	0	0	0	0	0	0	0	0	0	0	0	0	0	0	0	0	0	24	0	0.8473	112.1252	22.6948	8	0	0	2.3144	-57.8458	112.2126	112.1252	0	0	0	0	0	0	0	0	0	0	0	0	0	0	0	0	0	0	0	0	0	0	0	0	0	0	0	0	0	0	0	3.3506	42.9385	4.5	3.4082	0	0	0
"2,2-Dimethylpropane"	10041	85.5	0	0	0	0	0	0	0	0	0	0	0	0	0	0	0	0	1	0	1	450	9.5	0	0	0	0	0	0	0	0	0	0	0	0	0	1	1	1	0	0	0	0	0	0	0	0	1	0	0	0	0	0	0	0	0	0	0	0	0	0	0	0	0	0	0	0	0	0	0	0	0	0	0	0	0	0	0	0	0	0	0	0	0	0	0	0	0	0	0	0	0	0	0	0	0	0	0	0	0	0	0	0	0	0	15.5	0	0.591	72.0939	19.4	5	0	0	3.11	-16.37	72.1488	72.0939	0	0	0	0	0	0	0	0	0	0	0	0	0	0	0	0	0	0	0	0	0	0	0	0	0	0	0	0	0	0	0	2.5	1290	1.369	2.5	0	0	0
"2,2,3-Trimethylbutane"	10044	112.1	0	0	0	0	0	0	0	0	0	0	0	0	0	0	1	0	1	0	1	401.8378	79.0924	0	0	0	0	0	0	0	0	0	0	0	0	0	1	1	1	1	0	0	0	0	0	0	0	1	0	0	0	0	1	1	1	0	0	0	0	0	0	0	0	0	0	0	0	0	0	0	0	0	0	0	0	0	0	0	0	0	0	0	0	0	0	0	0	0	0	0	0	0	0	0	0	0	0	0	0	0	0	0	0	0	0	45.5	0	0.8331	100.1252	-7.0948	7	0	0	1.4877	-88.3606	100.2019	100.1252	0	0	0	0	0	0	0	0	0	0	0	0	0	0	0	0	0	0	0	0	0	0	0	0	0	0	0	1	0	0	0	3.0618	254.0419	1.4624	3.3	0	0	0
2-Methyl-2-Butene	10553	97.3	0	0	0	0	0	0	0	0	0	0	0	0	0	0	0	0	1	0	1	550.5953	37.5	1	0	1	0	0	1	0	1	0	0	0	0	0	1	1	0	0	0	0	0	0	0	0	0	1	0	0	0	0	0	0	0	0	0	0	0	0	0	0	0	0	0	0	0	0	0	0	0	0	0	1	0	0	0	0	0	0	0	0	0	0	0	0	0	0	0	0	1	0	0	0	0	0	0	0	0	0	0	0	0	0	0	38	0	0.66	70.0782	20	5	0	0	1.6718	-133.61	70.1329	70.0782	0	0	0	0	0	0	0	0	0	0	0	0	0	0	0	0	0	0	0	0	0	0	0	0	0	0	0	0	0	0	0	2.4	468	1.437	2.3	1	0	0
2-methylfuran	10797	103	1	0	1	0	0	0	1	1	0	0	0	0	0	1	0	0	1	0	0	506.5756	145	0	1	1	1	0	1	1	1	1	0	1	1	0	1	0	0	0	0	0	1	1	1	1	1	1	1	1	0	0	0	0	0	0	0	1	0	0	0	0	1	0	1	1	1	1	1	1	1	1	1	1	1	1	1	1	1	1	1	1	1	1	0	1	1	1	1	1	1	1	1	1	0	1	1	1	0	0	0	0	0	0	0	43.2	0	0.9132	82.0419	-30	6	1	0	1.2809	-88.7222	82.1005	82.0419	1	1	0	1	1	0	1	1	1	1	1	1	1	1	1	1	1	0	1	1	1	1	1	1	1	1	1	0	13.1	0	0	2.8	59	1.8	3.5844	1	0	1
"2,2,4-trimethylpentane"	10907	100	0	0	0	0	0	0	0	0	0	0	0	0	0	0	1	0	1	1	1	784	99.238	0	0	0	0	0	0	0	0	0	0	0	0	0	1	1	1	1	0	0	0	0	0	0	0	1	0	0	0	0	1	0	1	1	0	1	0	0	0	0	0	0	0	0	0	0	0	0	0	0	0	0	0	0	0	0	0	0	0	0	0	0	0	0	0	0	0	0	0	0	0	0	0	0	0	0	0	0	0	0	0	0	0	54.9	0	0.6919	114.1409	4.5	8	0	0	1.2193	-107.45	114.2285	114.1409	0	0	0	0	0	0	0	0	0	0	0	0	0	0	0	0	0	0	0	0	0	0	0	0	0	0	0	2	0	0	0	3.93	40.6	1.0371	3.8	0	0	0
"2-Methyl_propanoic_acid,_methyl_ester"	11039	102.7	1	0	0	0	0	0	0	0	0	0	0	0	0	0	0	1	1	0	1	270.198	87.323	0	0	0	0	1	0	1	0	0	1	0	0	0	1	1	0	1	0	0	0	0	1	0	0	1	1	0	0	1	0	0	0	0	0	0	0	0	0	0	0	0	0	0	0	0	0	0	0	0	0	0	0	0	0	1	0	0	0	0	0	0	0	0	0	0	0	0	0	0	0	0	0	0	0	1	0	0	0	0	0	0	0	66.5	0	0.8288	102.0681	5.1347	7	2	0	2.2209	-103.3444	102.1317	102.0681	0	1	0	0	0	0	0	0	0	0	0	0	0	0	0	0	0	0	1	0	0	0	0	0	0	0	0	2	26.3	0	0	1.4692	473.4671	2.1819	1.2	0	0	0
"3,3-Dimethyl-1-Butene"	11210	111.7	0	0	0	0	0	0	0	0	0	0	0	0	0	0	0	0	1	0	1	285.7084	74.9016	0	0	1	0	0	1	0	1	0	0	0	0	0	1	1	1	0	0	0	0	0	0	0	0	1	0	0	0	0	0	0	0	0	0	0	0	0	0	0	0	0	0	1	0	0	0	0	0	0	0	0	0	0	0	0	0	0	0	0	0	0	0	0	0	0	0	0	1	1	0	0	0	0	0	0	0	0	0	0	0	0	0	45.5	0	0.7979	84.0939	6.5987	6	0	0	2.2321	-100.0122	84.1595	84.0939	0	0	0	0	0	0	0	0	0	0	0	0	0	0	0	0	0	0	0	0	0	0	0	0	0	0	0	1	0	0	0	1.6755	650.9728	2.1855	2.7	0	0	1
"2,3,3-Trimethylpentane"	11215	106.1	0	0	0	0	0	0	0	0	0	0	0	0	0	0	1	0	1	1	1	529.2038	97.5697	0	0	0	0	0	0	0	0	0	0	0	0	0	1	1	1	1	0	0	0	0	0	0	0	1	0	0	0	0	1	1	1	1	1	1	0	0	0	0	0	0	0	0	0	0	0	0	0	0	0	0	0	0	0	0	0	0	0	0	0	0	0	0	0	0	0	0	0	0	0	0	0	0	0	0	0	0	0	0	0	0	0	60.4	0	0.7368	114.1409	5.8689	8	0	0	2.031	-70.1865	114.2285	114.1409	0	0	0	0	0	0	0	0	0	0	0	0	0	0	0	0	0	0	0	0	0	0	0	0	0	0	0	2	0	0	0	2.6666	335.9199	1.6726	3.8	0	0	0
"2,3,3-Trimethyl-1-Pentene"	11216	106	0	0	0	0	0	0	0	0	0	0	0	0	0	0	1	0	1	1	1	229.2317	89.9424	1	0	0	0	0	1	0	1	0	0	0	0	0	1	1	1	0	0	0	0	0	0	0	0	1	0	0	0	0	1	0	1	0	1	1	0	0	0	0	0	0	0	1	0	0	0	0	0	0	0	0	0	0	0	0	0	0	0	0	0	0	0	0	0	0	0	0	1	1	1	0	0	0	0	0	0	0	0	0	0	0	0	88.2	0	0.8451	112.1252	2.6689	8	0	0	2.0238	-109.4831	112.2126	112.1252	0	0	0	0	0	0	0	0	0	0	0	0	0	0	0	0	0	0	0	0	0	0	0	0	0	0	0	2	0	0	0	1.5312	412.2986	1.9867	3.9	1	0	0
"3,3-Dimethylhexane"	11233	75.5	0	0	0	0	0	0	0	0	0	0	0	0	0	0	1	0	1	1	1	403.2501	79.0077	0	0	0	0	0	0	0	0	0	0	0	0	0	1	1	1	0	0	0	0	0	0	0	0	1	0	0	0	0	1	0	1	1	1	1	1	0	0	0	0	0	0	0	0	0	0	0	0	0	0	0	0	0	0	0	0	0	0	0	0	0	0	0	0	0	0	0	0	0	0	0	0	0	0	0	0	0	0	0	0	0	0	53.1	0	0.8368	114.1409	-6.9073	8	0	0	1.4465	-88.1162	114.2285	114.1409	0	0	0	0	0	0	0	0	0	0	0	0	0	0	0	0	0	0	0	0	0	0	0	0	0	0	0	3	0	0	0	3.0612	245.1022	1.4199	4.1	0	0	0
3-Methyl-1-Butene	11239	97.5	0	0	0	0	0	0	0	0	0	0	0	0	0	0	0	0	1	0	1	689	20.1	0	0	1	0	0	1	0	1	0	0	0	0	0	1	1	0	1	0	0	0	0	0	0	0	1	0	0	0	0	0	0	0	0	0	0	0	0	0	0	0	0	0	1	0	0	0	0	0	0	0	0	0	0	0	0	0	0	0	0	0	0	0	0	0	0	0	0	1	1	0	0	0	0	0	0	0	0	0	0	0	0	0	27	0	0.6213	70.0782	20	5	0	0	2.2194	-168.5	70.1329	70.0782	0	0	0	0	0	0	0	0	0	0	0	0	0	0	0	0	0	0	0	0	0	0	0	0	0	0	0	1	0	0	0	2.5059	903	2.4092	2.2	1	0	1
2-Methyl-1-Butene	11240	98.3	0	0	0	0	0	0	0	0	0	0	0	0	0	0	0	0	1	0	1	422.1294	31.2	1	0	0	0	0	1	0	1	0	0	0	0	0	1	1	0	0	0	0	0	0	0	0	0	1	0	0	0	0	0	0	0	0	0	0	0	0	0	0	0	0	0	1	0	0	0	0	0	0	0	0	0	0	0	0	0	0	0	0	0	0	0	0	0	0	0	0	1	1	0	0	0	0	0	0	0	0	0	0	0	0	0	35.3	0	0.6504	70.0782	-20	5	0	0	2.9503	-137.5	70.1329	70.0782	0	0	0	0	0	0	0	0	0	0	0	0	0	0	0	0	0	0	0	0	0	0	0	0	0	0	0	1	0	0	0	3.5387	610	2.79	2.5	1	0	0
"2,3-Dimethyl-1-Butene"	11249	101.3	0	0	0	0	0	0	0	0	0	0	0	0	0	0	0	0	1	0	1	361.3163	63.2661	1	0	0	0	0	1	0	1	0	0	0	0	0	1	1	0	1	0	0	0	0	0	0	0	1	0	0	0	0	0	0	1	0	0	0	0	0	0	0	0	0	0	1	0	0	0	0	0	0	0	0	0	0	0	0	0	0	0	0	0	0	0	0	0	0	0	0	1	1	0	0	0	0	0	0	0	0	0	0	0	0	0	51.1	0	0.761	84.0939	-12.9451	6	0	0	2.6742	-127.0337	84.1595	84.0939	0	0	0	0	0	0	0	0	0	0	0	0	0	0	0	0	0	0	0	0	0	0	0	0	0	0	0	1	0	0	0	2.1468	706.7137	2.8	3.4728	1	0	0
"2,3-Dimethyl-2-Butene"	11250	97.4	0	0	0	0	0	0	0	0	0	0	0	0	0	0	0	0	1	0	1	333.1199	73.6531	1	0	0	0	0	1	0	0	0	0	0	0	0	1	1	0	0	0	0	0	0	0	0	0	1	0	0	0	0	0	0	0	0	0	0	0	0	0	0	0	0	0	0	0	0	0	0	0	0	0	1	0	0	0	0	0	0	0	0	0	0	0	0	0	0	0	0	1	0	0	0	0	0	0	0	0	0	0	0	0	0	0	50.1	0	0.8144	84.0939	-9.8525	6	0	0	2.5972	-110.2783	84.1595	84.0939	0	0	0	0	0	0	0	0	0	0	0	0	0	0	0	0	0	0	0	0	0	0	0	0	0	0	0	0	0	0	0	1.7632	605.5503	2.2711	2.9	0	0	0
3-Methyl-2-butanone	11251	99.5	1	0	0	0	0	0	0	0	0	0	0	0	0	0	0	0	1	0	1	-16.7778	94.33	0	1	0	0	0	0	1	0	0	0	0	0	0	1	1	0	1	0	0	1	0	1	0	0	1	0	0	0	0	0	0	1	0	0	0	0	0	0	0	0	0	0	0	0	0	0	0	0	0	0	0	0	0	0	1	0	0	0	0	0	0	0	0	0	0	0	0	0	0	0	0	0	0	0	1	0	0	0	0	0	0	0	55	0	0.8501	86.0732	11.1111	6	1	0	0.84	-93.1	86.1323	86.0732	0	0	0	0	0	0	0	0	0	0	0	0	0	0	0	0	0	0	1	0	0	0	0	0	0	0	0	1	17.1	0	0	1	52.5	0.8	4.0157	0	0	0
"2,2,3-Trimethylpentane"	11255	109.6	0	0	0	0	0	0	0	0	0	0	0	0	0	0	1	0	1	1	1	370.1879	74.7684	0	0	0	0	0	0	0	0	0	0	0	0	0	1	1	1	1	0	0	0	0	0	0	0	1	0	0	0	0	1	1	1	1	1	1	0	0	0	0	0	0	0	0	0	0	0	0	0	0	0	0	0	0	0	0	0	0	0	0	0	0	0	0	0	0	0	0	0	0	0	0	0	0	0	0	0	0	0	0	0	0	0	56.9	0	0.7717	114.1409	-7.2515	8	0	0	2.4615	-110.9688	114.2285	114.1409	0	0	0	0	0	0	0	0	0	0	0	0	0	0	0	0	0	0	0	0	0	0	0	0	0	0	0	2	0	1	0	2.3741	469.7338	2.4061	3.8	0	0	0
"2,3-Dimethylpentane"	11260	91.1	0	0	0	0	0	0	0	0	0	0	0	0	0	0	1	0	1	0	1	208.2264	95.465	0	0	0	0	0	0	0	0	0	0	0	0	0	1	1	0	1	0	0	0	0	0	0	0	1	0	0	0	0	0	1	1	1	1	1	0	0	0	0	0	0	0	0	0	0	0	0	0	0	0	0	0	0	0	0	0	0	0	0	0	0	0	0	0	0	0	0	0	0	0	0	0	0	0	0	0	0	0	0	0	0	0	37.3	0	0.8749	100.1252	5.7562	7	0	0	1.9205	-103.4831	100.2019	100.1252	0	0	0	0	0	0	0	0	0	0	0	0	0	0	0	0	0	0	0	0	0	0	0	0	0	0	0	2	0	1	0	1.2871	387.2517	1.8839	3.4	0	0	0
"2,3,4-Trimethylpentane"	11269	102.7	0	0	0	0	0	0	0	0	0	0	0	0	0	0	1	0	1	1	1	416.6711	108.7293	0	0	0	0	0	0	0	0	0	0	0	0	0	1	1	0	1	0	0	0	0	0	0	0	1	0	0	0	0	0	1	1	1	1	1	0	0	0	0	0	0	0	0	0	0	0	0	0	0	0	0	0	0	0	0	0	0	0	0	0	0	0	0	0	0	0	0	0	0	0	0	0	0	0	0	0	0	0	0	0	0	0	45.1	0	0.7971	114.1409	14.9212	8	0	0	2.74	-83.4082	114.2285	114.1409	0	0	0	0	0	0	0	0	0	0	0	0	0	0	0	0	0	0	0	0	0	0	0	0	0	0	0	2	0	0	0	2.9196	54.0753	2.4984	3.7	0	0	0
"2,3,4-Trimethyl-2-Pentene"	11270	96.6	0	0	0	0	0	0	0	0	0	0	0	0	0	0	1	0	1	1	1	415.4967	110.1656	1	0	0	0	0	1	0	0	0	0	0	0	0	1	1	0	1	0	0	0	0	0	0	0	1	0	0	0	0	0	0	1	0	0	0	0	0	0	0	0	0	0	1	1	0	0	0	0	0	0	1	1	0	0	0	0	0	0	0	0	0	0	0	0	0	0	0	1	1	0	0	0	0	0	0	0	0	0	0	0	0	0	92.6	0	0.7933	112.1252	23.0616	8	0	0	2.8197	-83.1506	112.2126	112.1252	0	0	0	0	0	0	0	0	0	0	0	0	0	0	0	0	0	0	0	0	0	0	0	0	0	0	0	1	0	0	0	2.9291	52.3631	2.333	3.7	0	0	0
"2,4-dimethyl-3-pentanone"	11271	100	1	0	0	0	0	0	0	0	0	0	0	0	0	0	0	0	1	0	1	335.5529	73.4038	0	1	0	0	0	0	1	0	0	0	0	0	0	1	1	0	1	0	0	1	0	1	0	0	1	0	0	0	0	0	0	1	1	0	1	0	0	0	0	0	0	0	0	0	0	0	0	0	0	0	0	0	0	0	1	0	0	0	0	0	0	0	0	0	0	0	0	0	0	0	0	0	0	0	1	0	0	0	0	0	0	0	72.4	0	0.7919	114.1045	-9.4011	8	1	0	2.692	-108.2931	114.1855	114.1045	0	0	0	0	0	0	0	0	0	0	0	0	0	0	0	0	0	0	1	0	0	0	0	0	0	0	0	2	17.1	0	0	1.9146	631.3129	1.9	3.34	0	0	0
"1,2-Dimethylcyclohexane"	11416	80.9	0	0	0	1	0	0	0	0	0	0	1	0	0	0	1	0	1	1	1	519.1317	108.8615	0	0	0	0	0	0	0	0	0	0	0	0	0	1	1	0	1	0	0	0	0	0	0	0	1	0	0	0	0	0	1	1	1	1	1	1	0	1	1	0	0	0	0	0	0	0	0	0	0	0	0	0	0	0	0	0	0	0	0	0	0	0	0	0	0	0	0	0	0	0	0	0	0	0	0	0	1	0	0	0	0	0	56.4	0	0.732	112.1252	12.6086	8	0	0	1.5503	-57.5276	112.2126	112.1252	0	0	0	0	0	0	0	0	0	0	0	0	0	0	0	0	0	0	0	0	0	0	0	0	0	0	0	0	0	2	0	2.6671	243.0923	1.2376	3.8	0	0	0
"2,3-Dimethylhexane"	11447	71.3	0	0	0	0	0	0	0	0	0	0	0	0	0	0	1	0	1	1	1	575.2149	91.4308	0	0	0	0	0	0	0	0	0	0	0	0	0	1	1	0	1	0	0	0	0	0	0	0	1	0	0	0	0	0	1	1	1	1	1	1	0	0	0	0	0	0	0	0	0	0	0	0	0	0	0	0	0	0	0	0	0	0	0	0	0	0	0	0	0	0	0	0	0	0	0	0	0	0	0	0	0	0	0	0	0	0	46	0	0.7448	114.1409	2.0104	8	0	0	1.3544	-97.0864	114.2285	114.1409	0	0	0	0	0	0	0	0	0	0	0	0	0	0	0	0	0	0	0	0	0	0	0	0	0	0	0	3	0	1	0	3.0475	252.8729	1.4823	4	0	0	0
3-Methylhexane	11507	52	0	0	0	0	0	0	0	0	0	0	0	0	0	0	1	0	1	0	1	500.2275	45.1923	0	0	0	0	0	0	0	0	0	0	0	0	0	1	1	0	1	0	0	0	0	0	0	0	1	0	0	0	0	0	0	1	1	1	1	1	0	0	0	0	0	0	0	0	0	0	0	0	0	0	0	0	0	0	0	0	0	0	0	0	0	0	0	0	0	0	0	0	0	0	0	0	0	0	0	0	0	0	0	0	0	0	31	0	0.7207	100.1252	7.8732	7	0	0	1.6148	-98.1985	100.2019	100.1252	0	0	0	0	0	0	0	0	0	0	0	0	0	0	0	0	0	0	0	0	0	0	0	0	0	0	0	3	0	1	0	1.5753	1276.4286	2.1085	3.7	0	0	0
"2,4-Dimethylhexane"	11511	65.2	0	0	0	0	0	0	0	0	0	0	0	0	0	0	1	0	1	1	1	269.9048	103.1928	0	0	0	0	0	0	0	0	0	0	0	0	0	1	1	0	1	0	0	0	0	0	0	0	1	0	0	0	0	0	0	1	1	1	1	1	0	0	0	0	0	0	0	0	0	0	0	0	0	0	0	0	0	0	0	0	0	0	0	0	0	0	0	0	0	0	0	0	0	0	0	0	0	0	0	0	0	0	0	0	0	0	46	0	0.9253	114.1409	9.4668	8	0	0	0.8192	-92.8007	114.2285	114.1409	0	0	0	0	0	0	0	0	0	0	0	0	0	0	0	0	0	0	0	0	0	0	0	0	0	0	0	3	0	1	0	1.2213	358.9144	0.8284	4	0	0	0
4-Methylheptane	11512	26.7	0	0	0	0	0	0	0	0	0	0	0	0	0	0	1	0	1	1	1	463.2028	116.3329	0	0	0	0	0	0	0	0	0	0	0	0	0	1	1	0	1	0	0	0	0	0	0	0	1	0	0	0	0	0	0	1	1	1	1	1	0	1	0	0	0	0	0	0	0	0	0	0	0	0	0	0	0	0	0	0	0	0	0	0	0	0	0	0	0	0	0	0	0	0	0	0	0	0	0	0	0	0	0	0	0	0	33.3	0	0.8252	114.1409	18.787	8	0	0	2.5225	-91.6165	114.2285	114.1409	0	0	0	0	0	0	0	0	0	0	0	0	0	0	0	0	0	0	0	0	0	0	0	0	0	0	0	4	0	0	0	2.9722	50.6307	2.3493	4.3	0	0	0
3-Methylheptane	11519	26.8	0	0	0	0	0	0	0	0	0	0	0	0	0	0	1	0	1	1	1	167.1082	103.3187	0	0	0	0	0	0	0	0	0	0	0	0	0	1	1	0	1	0	0	0	0	0	0	0	1	0	0	0	0	0	0	1	1	1	1	1	0	1	0	0	0	0	0	0	0	0	0	0	0	0	0	0	0	0	0	0	0	0	0	0	0	0	0	0	0	0	0	0	0	0	0	0	0	0	0	0	0	0	0	0	0	0	39.3	0	0.9005	114.1409	11.5462	8	0	0	0.9814	-86.9944	114.2285	114.1409	0	0	0	0	0	0	0	0	0	0	0	0	0	0	0	0	0	0	0	0	0	0	0	0	0	0	0	4	0	1	0	1.1224	250.1002	0.9708	4.3	0	0	0
"1,4-Dimethylcyclohexane"	11523	67.7	0	0	0	1	0	0	0	0	0	0	1	0	0	0	1	0	1	1	1	515.6204	125.9	0	0	0	0	0	0	0	0	0	0	0	0	0	1	1	0	1	0	0	0	0	0	0	0	1	0	0	0	0	0	0	1	1	1	1	1	0	1	0	0	0	0	0	0	0	0	0	0	0	0	0	0	0	0	0	0	0	0	0	0	0	0	0	0	0	0	0	0	0	0	0	0	0	0	0	0	0	0	0	1	0	0	48.4	0	0.7275	112.1252	13.8094	8	0	0	1.3615	-87	112.2126	112.1252	0	0	0	0	0	0	0	0	0	0	0	0	0	0	0	0	0	0	0	0	0	0	0	0	0	0	0	0	0	0	0	2.597	1	1.077	3.8	0	0	0
"2,2-Dimethylpentane"	11542	92.8	0	0	0	0	0	0	0	0	0	0	0	0	0	0	1	0	1	0	1	513.2726	126.7499	0	0	0	0	0	0	0	0	0	0	0	0	0	1	1	1	0	0	0	0	0	0	0	0	1	0	0	0	0	1	0	1	1	0	1	0	0	0	0	0	0	0	0	0	0	0	0	0	0	0	0	0	0	0	0	0	0	0	0	0	0	0	0	0	0	0	0	0	0	0	0	0	0	0	0	0	0	0	0	0	0	0	38.5	0	0.747	100.1252	4.3608	7	0	0	1.1257	-65.9624	100.2019	100.1252	0	0	0	0	0	0	0	0	0	0	0	0	0	0	0	0	0	0	0	0	0	0	0	0	0	0	0	2	0	0	0	2.9118	96.1067	1.069	3.6	0	0	0
"1,1-Dimethylcyclohexane"	11549	87.3	0	0	0	1	0	0	0	0	0	0	1	0	0	0	1	0	1	1	1	409.1637	67.9521	0	0	0	0	0	0	0	0	0	0	0	0	0	1	1	1	0	0	0	0	0	0	0	0	1	0	0	0	0	1	0	1	1	1	1	1	1	1	0	0	0	0	0	0	0	0	0	0	0	0	0	0	0	0	0	0	0	0	0	0	0	0	0	0	0	0	0	0	0	0	0	0	0	0	0	0	0	0	0	0	0	0	64.1	0	0.6887	112.1252	-23.3149	8	0	0	3.417	-97.5783	112.2126	112.1252	0	0	0	0	0	0	0	0	0	0	0	0	0	0	0	0	0	0	0	0	0	0	0	0	0	0	0	0	0	0	0	2.9937	1994.853	3.2113	3.9	0	0	0
"2,2-Dimethylhexane"	11551	72.5	0	0	0	0	0	0	0	0	0	0	0	0	0	0	1	0	1	1	1	334.3874	96.4379	0	0	0	0	0	0	0	0	0	0	0	0	0	1	1	1	0	0	0	0	0	0	0	0	1	0	0	0	0	1	0	1	1	0	1	1	0	0	0	0	0	0	0	0	0	0	0	0	0	0	0	0	0	0	0	0	0	0	0	0	0	0	0	0	0	0	0	0	0	0	0	0	0	0	0	0	0	0	0	0	0	0	47.5	0	0.936	114.1409	-0.3804	8	0	0	1.086	-95.5344	114.2285	114.1409	0	0	0	0	0	0	0	0	0	0	0	0	0	0	0	0	0	0	0	0	0	0	0	0	0	0	0	3	0	0	0	1.3477	446.6195	1.6926	4.1	0	0	0
"1,3-Dimethylcyclohexane"	11564	69.3	0	0	0	1	0	0	0	0	0	0	1	0	0	0	1	0	1	1	1	496.0671	65.9888	0	0	0	0	0	0	0	0	0	0	0	0	0	1	1	0	1	0	0	0	0	0	0	0	1	0	0	0	0	0	0	1	1	1	1	1	1	1	0	0	0	0	0	0	0	0	0	0	0	0	0	0	0	0	0	0	0	0	0	0	0	0	0	0	0	0	0	0	0	0	0	0	0	0	0	0	0	0	1	0	0	0	58.4	0	0.7042	112.1252	-2.8988	8	0	0	1.2021	-122.8924	112.2126	112.1252	0	0	0	0	0	0	0	0	0	0	0	0	0	0	0	0	0	0	0	0	0	0	0	0	0	0	0	0	0	2	0	2.0751	819.6981	1.1422	3.8	0	0	0
2-Methylhexane	11582	42.4	0	0	0	0	0	0	0	0	0	0	0	0	0	0	1	0	1	0	1	220	90	0	0	0	0	0	0	0	0	0	0	0	0	0	1	1	0	1	0	0	0	0	0	0	0	1	0	0	0	0	0	0	1	1	0	1	1	0	0	0	0	0	0	0	0	0	0	0	0	0	0	0	0	0	0	0	0	0	0	0	0	0	0	0	0	0	0	0	0	0	0	0	0	0	0	0	0	0	0	0	0	0	0	29	0	1	100.1252	-18	7	0	0	1.7647	-118	100.2019	100.1252	0	0	0	0	0	0	0	0	0	0	0	0	0	0	0	0	0	0	0	0	0	0	0	0	0	0	0	3	0	0	0	1	439.3109	1.704	3.7	0	0	0
"2,5-Dimethylhexane"	11592	55.2	0	0	0	0	0	0	0	0	0	0	0	0	0	0	1	0	1	1	1	275.4056	91.2654	0	0	0	0	0	0	0	0	0	0	0	0	0	1	1	0	1	0	0	0	0	0	0	0	1	0	0	0	0	0	0	1	1	0	1	1	0	0	0	0	0	0	0	0	0	0	0	0	0	0	0	0	0	0	0	0	0	0	0	0	0	0	0	0	0	0	0	0	0	0	0	0	0	0	0	0	0	0	0	0	0	0	36	0	0.8496	114.1409	1.7721	8	0	0	2.2849	-109.8935	114.2285	114.1409	0	0	0	0	0	0	0	0	0	0	0	0	0	0	0	0	0	0	0	0	0	0	0	0	0	0	0	3	0	0	0	1.5833	511.4725	2.3499	4	0	0	0
2-Methylheptane	11594	21.7	0	0	0	0	0	0	0	0	0	0	0	0	0	0	1	0	1	1	1	208.2264	116	0	0	0	0	0	0	0	0	0	0	0	0	0	1	1	0	1	0	0	0	0	0	0	0	1	0	0	0	0	0	0	1	1	0	1	1	1	1	0	0	0	0	0	0	0	0	0	0	0	0	0	0	0	0	0	0	0	0	0	0	0	0	0	0	0	0	0	0	0	0	0	0	0	0	0	0	0	0	0	0	0	0	37.3	0	1	114.1409	4.4	8	0	0	1.9205	-109	114.2285	114.1409	0	0	0	0	0	0	0	0	0	0	0	0	0	0	0	0	0	0	0	0	0	0	0	0	0	0	0	4	0	0	0	1	377.0671	1.8839	4.3	0	0	0
1-Hexene	11597	76.4	0	0	0	0	0	0	0	0	0	0	0	0	0	0	0	0	1	0	1	487	63.4	0	0	1	0	0	1	0	1	0	0	0	0	0	1	0	0	0	0	0	0	0	0	0	0	1	0	0	0	0	0	0	0	0	0	1	0	0	0	0	0	0	0	1	0	0	0	0	0	0	0	0	0	0	0	0	0	0	0	0	0	0	0	0	0	0	0	0	1	1	1	0	0	0	0	0	0	0	0	0	0	0	0	29	0	0.6731	84.0939	20	6	0	0	3.39	-139.7	84.1595	84.0939	0	0	0	0	0	0	0	0	0	0	0	0	0	0	0	0	0	0	0	0	0	0	0	0	0	0	0	3	0	0	0	3	183.7	3.4	3.0377	1	0	1
3-Hexene	11601	94	0	0	0	0	0	0	0	0	0	0	0	0	0	0	0	0	1	0	1	382.4336	85.7126	0	0	1	0	0	1	0	1	0	0	0	0	0	1	0	0	0	0	0	0	0	0	0	0	1	0	0	0	0	0	0	0	0	0	0	0	0	0	0	0	0	0	1	1	0	0	0	0	0	0	1	1	0	0	0	0	0	0	0	0	0	0	0	0	0	0	0	1	1	0	0	0	0	0	0	0	0	0	0	0	0	0	29.3	0	0.6894	84.0939	6.6348	6	0	0	2.9593	-117.2835	84.1595	84.0939	0	0	0	0	0	0	0	0	0	0	0	0	0	0	0	0	0	0	0	0	0	0	0	0	0	0	0	2	0	0	1	2.8415	302.2847	3.2133	2.5	1	0	1
1-Heptene	11610	54.5	0	0	0	0	0	0	0	0	0	0	0	0	0	0	0	0	1	0	1	500	93.6	0	0	1	0	0	1	0	1	0	0	0	0	0	1	0	0	0	0	0	0	0	0	0	0	1	0	0	0	0	0	0	0	0	0	1	1	0	0	0	0	0	0	1	0	0	0	0	0	0	0	0	0	0	0	0	0	0	0	0	0	0	0	0	0	0	0	0	1	1	1	0	0	0	0	0	0	0	0	0	0	0	0	37.3	0	0.697	98.1095	32	7	0	0	3.99	-119.7	98.1861	98.1095	0	0	0	0	0	0	0	0	0	0	0	0	0	0	0	0	0	0	0	0	0	0	0	0	0	0	0	4	0	0	0	0.7	59.3	4	3.3683	1	0	1
2-Heptene	11611	73.4	0	0	0	0	0	0	0	0	0	0	0	0	0	0	0	0	1	0	1	488.0071	65.0801	0	0	1	0	0	1	0	1	0	0	0	0	0	1	0	0	0	0	0	0	0	0	0	0	1	0	0	0	0	0	0	0	0	0	1	0	0	0	0	0	0	0	1	1	0	0	0	0	0	0	1	1	0	0	0	0	0	0	0	0	0	0	0	0	0	0	0	1	1	1	0	0	0	0	0	0	0	0	0	0	0	0	44	0	0.7492	98.1095	7.2897	7	0	0	3.211	-124.7216	98.1861	98.1095	0	0	0	0	0	0	0	0	0	0	0	0	0	0	0	0	0	0	0	0	0	0	0	0	0	0	0	3	0	0	1	1.7498	3589.1727	3.0908	3.2	1	0	1
3-Heptene	11612	90	0	0	0	0	0	0	0	0	0	0	0	0	0	0	0	0	1	0	1	291.66	120.8098	0	0	1	0	0	1	0	1	0	0	0	0	0	1	0	0	0	0	0	0	0	0	0	0	1	0	0	0	0	0	0	0	0	0	0	0	0	0	0	0	0	0	1	1	0	0	0	0	0	0	1	1	0	0	0	0	0	0	0	0	0	0	0	0	0	0	0	1	1	1	0	0	0	0	0	0	0	0	0	0	0	0	44	0	0.8271	98.1095	9.9134	7	0	0	3.0302	-34.0291	98.1861	98.1095	0	0	0	0	0	0	0	0	0	0	0	0	0	0	0	0	0	0	0	0	0	0	0	0	0	0	0	3	0	0	1	3.1159	42.7469	3.6531	3.1	1	0	1
4-Octene	11621	73.3	0	0	0	0	0	0	0	0	0	0	0	0	0	0	1	0	1	1	1	358.3631	104.9447	0	0	1	0	0	1	0	1	0	0	0	0	0	1	0	0	0	0	0	0	0	0	0	0	1	0	0	0	0	0	0	0	0	0	0	0	0	0	0	0	0	0	1	1	0	0	0	0	0	0	1	1	0	0	0	0	0	0	0	0	0	0	0	0	0	0	0	1	1	1	0	0	0	0	0	0	0	0	0	0	0	0	45.1	0	0.8406	112.1252	25.0877	8	0	0	2.4983	-51.478	112.2126	112.1252	0	0	0	0	0	0	0	0	0	0	0	0	0	0	0	0	0	0	0	0	0	0	0	0	0	0	0	4	0	0	1	3.1111	44.3304	2.9492	3.6	1	0	1
"2,2,3,3-_tetramethyl-butane"	11675	102.1	0	0	0	0	0	0	0	0	0	0	0	0	0	0	1	0	1	1	1	378.7004	78.0436	0	0	0	0	0	0	0	0	0	0	0	0	0	1	1	1	0	0	0	0	0	0	0	0	1	0	0	0	0	1	1	1	0	0	0	0	0	0	0	0	0	0	0	0	0	0	0	0	0	0	0	0	0	0	0	0	0	0	0	0	0	0	0	0	0	0	0	0	0	0	0	0	0	0	0	0	0	0	0	0	0	0	55	0	0.6622	114.1409	-8.3809	8	0	0	3.1101	-129.3764	114.2285	114.1409	0	0	0	0	0	0	0	0	0	0	0	0	0	0	0	0	0	0	0	0	0	0	0	0	0	0	0	1	0	0	0	2.7221	411.6197	3.5996	3.7	0	0	0
"3,4,4-Trimethyl-2-Pentene"	11738	103	0	0	0	0	0	0	0	0	0	0	0	0	0	0	1	0	1	1	1	298.007	83.3078	1	0	1	0	0	1	0	1	0	0	0	0	0	1	1	1	0	0	0	0	0	0	0	0	1	0	0	0	0	1	0	1	0	0	0	0	0	0	0	0	0	0	1	1	0	0	0	0	0	0	1	1	0	0	0	0	0	0	0	0	0	0	0	0	0	0	0	1	1	0	0	0	0	0	0	0	0	0	0	0	0	0	91.1	0	1.3252	112.1252	5.6986	8	0	0	2.5392	-101.4429	112.2126	112.1252	0	0	0	0	0	0	0	0	0	0	0	0	0	0	0	0	0	0	0	0	0	0	0	0	0	0	0	1	0	0	1	2.5298	1520.4829	2.2966	3.6	1	0	0
2-Methyl-3-ethylpentane	11863	87.3	0	0	0	0	0	0	0	0	0	0	0	0	0	0	1	0	1	1	1	532.2326	105.6623	0	0	0	0	0	0	0	0	0	0	0	0	0	1	1	0	1	0	0	0	0	0	0	0	1	0	0	0	0	0	1	1	1	1	1	0	0	0	0	0	0	0	0	0	0	0	0	0	0	0	0	0	0	0	0	0	0	0	0	0	0	0	0	0	0	0	0	0	0	0	0	0	0	0	0	0	0	0	0	0	0	0	42	0	0.7651	114.1409	21.7083	8	0	0	3.0568	-104.5475	114.2285	114.1409	0	0	0	0	0	0	0	0	0	0	0	0	0	0	0	0	0	0	0	0	0	0	0	0	0	0	0	3	0	0	0	2.4867	69.4603	3.0566	4	0	0	0
3-Methyl-2-Pentene	12014	97.2	0	0	0	0	0	0	0	0	0	0	0	0	0	0	0	0	1	0	1	482.4481	47.2199	1	0	1	0	0	1	0	1	0	0	0	0	0	1	1	0	0	0	0	0	0	0	0	0	1	0	0	0	0	0	0	0	0	0	0	0	0	0	0	0	0	0	1	1	0	0	0	0	0	0	1	1	0	0	0	0	0	0	0	0	0	0	0	0	0	0	0	1	1	0	0	0	0	0	0	0	0	0	0	0	0	0	51.1	0	7.6048	84.0939	16.6108	6	0	0	2.8665	-135.6922	84.1595	84.0939	0	0	0	0	0	0	0	0	0	0	0	0	0	0	0	0	0	0	0	0	0	0	0	0	0	0	0	1	0	0	1	2.1845	7323.4422	3.0454	2.7	1	0	0
3-Ethylpentane	12048	65	0	0	0	0	0	0	0	0	0	0	0	0	0	0	1	0	1	0	1	375.8281	106.4644	0	0	0	0	0	0	0	0	0	0	0	0	0	1	1	0	1	0	0	0	0	0	0	0	1	0	0	0	0	0	0	1	0	1	1	0	0	0	0	0	0	0	0	0	0	0	0	0	0	0	0	0	0	0	0	0	0	0	0	0	0	0	0	0	0	0	0	0	0	0	0	0	0	0	0	0	0	0	0	0	0	0	21.5	0	0.8158	100.1252	16.9007	7	0	0	2.2849	-60.264	100.2019	100.1252	0	0	0	0	0	0	0	0	0	0	0	0	0	0	0	0	0	0	0	0	0	0	0	0	0	0	0	3	0	0	0	2.918	52.7273	2.688	3.7	0	0	0
3-Ethylhexane	12096	33.5	0	0	0	0	0	0	0	0	0	0	0	0	0	0	1	0	1	1	1	567.2304	33.0985	0	0	0	0	0	0	0	0	0	0	0	0	0	1	1	0	1	0	0	0	0	0	0	0	1	0	0	0	0	0	0	1	1	1	1	1	0	0	0	0	0	0	0	0	0	0	0	0	0	0	0	0	0	0	0	0	0	0	0	0	0	0	0	0	0	0	0	0	0	0	0	0	0	0	0	0	0	0	0	0	0	0	35.3	0	0.6554	114.1409	-28.1285	8	0	0	1.9951	-128.5633	114.2285	114.1409	0	0	0	0	0	0	0	0	0	0	0	0	0	0	0	0	0	0	0	0	0	0	0	0	0	0	0	4	0	0	0	2.1169	1240.4516	1.8085	4.3	0	0	0
Methylbutanoate	12180	107.2	1	0	0	0	0	0	0	0	0	0	0	0	0	0	0	1	1	0	1	344.7018	102.8	0	0	0	0	1	0	1	0	0	1	0	0	0	1	0	0	0	0	0	0	0	1	0	0	1	1	0	0	1	0	0	0	0	0	0	0	0	0	0	0	0	0	0	0	0	0	0	0	0	0	0	0	0	0	1	0	0	0	0	0	0	0	0	0	0	0	0	0	0	0	0	0	0	0	1	0	0	0	0	0	0	0	59.1	0	0.8984	102.0681	57	7	2	0	1.29	-85.8	102.1317	102.0681	0	1	0	1	0	0	0	0	0	0	0	0	0	0	0	0	0	0	1	1	0	0	0	0	0	0	0	3	26.3	0	0	3.5	32.3	1.3	3.5209	0	0	0
2-Butene	12220	101.6	0	0	0	0	0	0	0	0	0	0	0	0	0	0	0	0	1	0	1	323.8889	81.3094	0	0	1	0	0	1	0	1	0	0	0	0	0	1	0	0	0	0	0	0	0	0	0	0	1	0	0	0	0	0	0	0	0	0	0	0	0	0	0	0	0	0	0	0	0	0	0	0	0	0	1	0	0	0	0	0	0	0	0	0	0	0	0	0	0	0	0	1	0	0	0	0	0	0	0	0	0	0	0	0	0	0	15.2	0	0.6831	56.0626	-6.7071	4	0	0	2.3084	-127.7529	56.1063	56.0626	0	0	0	0	0	0	0	0	0	0	0	0	0	0	0	0	0	0	0	0	0	0	0	0	0	0	0	0	0	0	1	2.6814	364.5145	2.3	2.7369	1	0	1
2-Methyl-2-Pentene	12243	97.8	0	0	0	0	0	0	0	0	0	0	0	0	0	0	0	0	1	0	1	358.8771	114.7046	1	0	1	0	0	1	0	1	0	0	0	0	0	1	1	0	0	0	0	0	0	0	0	0	1	0	0	0	0	0	0	0	0	0	0	0	0	0	0	0	0	0	1	1	0	0	0	0	0	0	1	1	0	0	0	0	0	0	0	0	0	0	0	0	0	0	0	1	1	0	0	0	0	0	0	0	0	0	0	0	0	0	47.1	0	0.8135	84.0939	20.1045	6	0	0	1.6984	-65.2755	84.1595	84.0939	0	0	0	0	0	0	0	0	0	0	0	0	0	0	0	0	0	0	0	0	0	0	0	0	0	0	0	1	0	0	0	2.7283	46.7055	2.688	2.7	1	0	0
"2,4-dimethyl-2-pentene"	12260	100	0	0	0	0	0	0	0	0	0	0	0	0	0	0	0	0	1	0	1	558.3997	48.2781	1	0	1	0	0	1	0	1	0	0	0	0	0	1	1	0	1	0	0	0	0	0	0	0	1	0	0	0	0	0	0	0	0	0	0	0	0	0	0	0	0	0	1	1	0	0	0	0	0	0	1	1	0	0	0	0	0	0	0	0	0	0	0	0	0	0	0	1	1	0	0	0	0	0	0	0	0	0	0	0	0	0	64.1	0	0.66	98.1095	-21.7433	7	0	0	2.2933	-129.0466	98.1861	98.1095	0	0	0	0	0	0	0	0	0	0	0	0	0	0	0	0	0	0	0	0	0	0	0	0	0	0	0	1	0	0	0	2.284	1080.9381	2.4348	3.1	1	0	0
"2,5-Dimethylfuran"	12266	101.3	1	0	1	0	0	0	1	1	0	0	0	0	0	1	0	0	1	0	1	298.007	198	0	1	1	0	0	1	1	1	0	0	1	1	0	1	0	0	0	0	0	1	0	1	1	1	1	0	1	0	0	0	0	0	0	0	1	1	0	0	0	1	0	1	1	1	1	1	1	1	1	1	1	1	1	1	1	1	1	1	1	1	1	0	1	1	1	1	1	1	1	1	1	0	1	1	1	0	0	0	0	0	0	0	53.2	0	0.8883	96.0575	-1	7	1	0	2.5392	-62.7778	96.1271	96.0575	1	1	0	1	1	0	1	1	1	1	1	1	1	1	1	1	1	0	1	1	1	1	1	1	1	1	1	0	13.1	0	0	3.31	53	2.2	3.3595	1	0	1
2-Methyl-2-Heptene	12330	79.8	0	0	0	0	0	0	0	0	0	0	0	0	0	0	1	0	1	1	1	273.9937	135.4312	1	0	1	0	0	1	0	1	0	0	0	0	0	1	1	0	0	0	0	0	0	0	0	0	1	0	0	0	0	0	0	0	0	0	1	0	0	0	0	0	0	0	1	1	0	0	0	0	0	0	1	1	0	0	0	0	0	0	0	0	0	0	0	0	0	0	0	1	1	1	0	0	0	0	0	0	0	0	0	0	0	0	66.1	0	0.8377	112.1252	13.812	8	0	0	2.7228	-45.8294	112.2126	112.1252	0	0	0	0	0	0	0	0	0	0	0	0	0	0	0	0	0	0	0	0	0	0	0	0	0	0	0	3	0	0	0	3.2935	47.9364	2.9043	3.8	1	0	0
2-Pentene	12585	87.8	0	0	0	0	0	0	0	0	0	0	0	0	0	0	0	0	1	0	1	364.406	36.9	0	0	1	0	0	1	0	1	0	0	0	0	0	1	0	0	0	0	0	0	0	0	0	0	1	0	0	0	0	0	0	0	0	0	0	0	0	0	0	0	0	0	1	1	0	0	0	0	0	0	1	1	0	0	0	0	0	0	0	0	0	0	0	0	0	0	0	1	1	0	0	0	0	0	0	0	0	0	0	0	0	0	27	0	0.6556	70.0782	-4	5	0	0	2.6234	-151.4	70.1329	70.0782	0	0	0	0	0	0	0	0	0	0	0	0	0	0	0	0	0	0	0	0	0	0	0	0	0	0	0	1	0	0	1	2.4	495	2.9603	2.1	1	0	1
4-Methyl-2-Pentene	12659	98.9	0	0	0	0	0	0	0	0	0	0	0	0	0	0	0	0	1	0	1	275.3522	134.0903	0	0	1	0	0	1	0	1	0	0	0	0	0	1	1	0	1	0	0	0	0	0	0	0	1	0	0	0	0	0	0	0	0	0	0	0	0	0	0	0	0	0	1	1	0	0	0	0	0	0	1	1	0	0	0	0	0	0	0	0	0	0	0	0	0	0	0	1	1	0	0	0	0	0	0	0	0	0	0	0	0	0	42	0	0.837	84.0939	14.477	6	0	0	2.6635	-46.4432	84.1595	84.0939	0	0	0	0	0	0	0	0	0	0	0	0	0	0	0	0	0	0	0	0	0	0	0	0	0	0	0	1	0	0	1	3.2937	48.5668	2.8988	2.4	1	0	1
4-Methyl-1-Pentene	12724	95.7	0	0	0	0	0	0	0	0	0	0	0	0	0	0	0	0	1	0	1	364.406	127.4	0	0	1	0	0	1	0	1	0	0	0	0	0	1	1	0	1	0	0	0	0	0	0	0	1	0	0	0	0	0	0	1	0	0	0	0	0	0	0	0	0	0	1	0	0	0	0	0	0	0	0	0	0	0	0	0	0	0	0	0	0	0	0	0	0	0	0	1	1	1	0	0	0	0	0	0	0	0	0	0	0	0	35.3	0	0.665	84.0939	-31.6667	6	0	0	2.6234	-101.4429	84.1595	84.0939	0	0	0	0	0	0	0	0	0	0	0	0	0	0	0	0	0	0	0	0	0	0	0	0	0	0	0	2	0	0	0	2.5298	438.93	2.9603	2.7	1	0	1
Isopropylcyclohexane	12763	62.8	0	0	0	1	0	0	0	0	0	0	1	0	0	0	1	0	1	1	1	282.7778	154.4444	0	0	0	0	0	0	0	0	0	0	0	0	0	1	1	0	1	0	0	0	0	0	0	0	1	0	0	0	0	0	1	1	1	1	1	1	1	1	1	0	0	0	0	0	0	0	0	0	0	0	0	0	0	0	0	0	0	0	0	0	0	0	0	0	0	0	0	0	0	0	0	0	0	0	0	0	0	0	0	0	0	0	68.1	0	0.8023	126.1409	35.5556	9	0	0	2.7306	-89.4444	126.2392	126.1409	0	0	0	0	0	0	0	0	0	0	0	0	0	0	0	0	0	0	0	0	0	0	0	0	0	0	0	1	0	0	0	2.7764	1285.7427	3.0983	4.3	0	0	0
3-Methyl-1-Pentene	12969	96	0	0	0	0	0	0	0	0	0	0	0	0	0	0	0	0	1	0	1	627.9893	33.0904	0	0	1	0	0	1	0	1	0	0	0	0	0	1	1	0	1	0	0	0	0	0	0	0	1	0	0	0	0	0	0	1	0	0	0	0	0	0	0	0	0	0	1	0	0	0	0	0	0	0	0	0	0	0	0	0	0	0	0	0	0	0	0	0	0	0	0	1	1	1	0	0	0	0	0	0	0	0	0	0	0	0	37.3	0	0.6357	84.0939	-44.707	6	0	0	2.4133	-132.6941	84.1595	84.0939	0	0	0	0	0	0	0	0	0	0	0	0	0	0	0	0	0	0	0	0	0	0	0	0	0	0	0	2	0	1	0	2.2423	1279.7201	2.5997	2.7	1	0	1
2-Ethyl-1-Butene	12970	99.3	0	0	0	0	0	0	0	0	0	0	0	0	0	0	0	0	1	0	1	434.1741	83.3078	1	0	0	0	0	1	0	1	0	0	0	0	0	1	1	0	0	0	0	0	0	0	0	0	1	0	0	0	0	0	0	0	0	0	1	0	0	0	0	0	0	0	1	0	0	0	0	0	0	0	0	0	0	0	0	0	0	0	0	0	0	0	0	0	0	0	0	1	1	0	0	0	0	0	0	0	0	0	0	0	0	0	38	0	1.3252	84.0939	5.6986	6	0	0	2.7306	-101.4429	84.1595	84.0939	0	0	0	0	0	0	0	0	0	0	0	0	0	0	0	0	0	0	0	0	0	0	0	0	0	0	0	2	0	0	0	2.7764	1285.7427	3.0983	2.9	1	0	0
"4,4-Dimethyl-1-Pentene"	12984	104.4	0	0	0	0	0	0	0	0	0	0	0	0	0	0	0	0	1	0	1	344.3928	89.6602	0	0	1	0	0	1	0	1	0	0	0	0	0	1	1	1	0	0	0	0	0	0	0	0	1	0	0	0	0	1	0	1	0	0	0	0	0	0	0	0	0	0	1	0	0	0	0	0	0	0	0	0	0	0	0	0	0	0	0	0	0	0	0	0	0	0	0	1	1	1	0	0	0	0	0	0	0	0	0	0	0	0	54.9	0	0.7934	98.1095	9.8895	7	0	0	1.9975	-84.6726	98.1861	98.1095	0	0	0	0	0	0	0	0	0	0	0	0	0	0	0	0	0	0	0	0	0	0	0	0	0	0	0	2	0	0	0	2.6824	152.9703	2.5551	3.1	1	0	1
2-Methyl-1-Pentene	12986	94.2	0	0	0	0	0	0	0	0	0	0	0	0	0	0	0	0	1	0	1	300	62.1111	1	0	0	0	0	1	0	1	0	0	0	0	0	1	1	0	0	0	0	0	0	0	0	0	1	0	0	0	0	0	0	0	0	0	1	0	0	0	0	0	0	0	1	0	0	0	0	0	0	0	0	0	0	0	0	0	0	0	0	0	0	0	0	0	0	0	0	1	1	1	0	0	0	0	0	0	0	0	0	0	0	0	44	0	0.685	84.0939	-26.1111	6	0	0	2.9481	-135.7222	84.1595	84.0939	0	0	0	0	0	0	0	0	0	0	0	0	0	0	0	0	0	0	0	0	0	0	0	0	0	0	0	2	0	0	0	2.6041	199.2748	2.9567	3	1	0	0
3-Ethyl-2-Pentene	13159	93.7	0	0	0	0	0	0	0	0	0	0	0	0	0	0	0	0	1	0	1	368.9221	68.1589	1	0	1	0	0	1	0	1	0	0	0	0	0	1	1	0	0	0	0	0	0	0	0	0	1	0	0	0	0	0	0	0	0	0	1	0	0	0	0	0	0	0	1	1	0	0	0	0	0	0	1	1	0	0	0	0	0	0	0	0	0	0	0	0	0	0	0	1	1	0	0	0	0	0	0	0	0	0	0	0	0	0	54.4	0	0.672	98.1095	-12.6961	7	0	0	3.1173	-110.7218	98.1861	98.1095	0	0	0	0	0	0	0	0	0	0	0	0	0	0	0	0	0	0	0	0	0	0	0	0	0	0	0	2	0	0	0	2.8425	1396.9067	2.4967	3.2	1	0	0
Methyl_2-methylbutanoate	13357	110.5	1	0	0	0	0	0	0	0	0	0	0	0	0	0	0	1	1	0	1	429.9161	63.5129	0	0	0	0	1	0	1	0	0	1	0	0	0	1	1	0	1	0	0	0	0	1	0	0	1	1	0	0	1	0	0	1	0	0	0	0	0	0	0	0	0	0	0	0	0	0	0	0	0	0	0	0	0	0	1	0	0	0	0	0	0	0	0	0	0	0	0	0	0	0	0	0	0	0	1	0	0	0	0	0	0	0	78.6	0	5.6009	116.0837	5.6332	8	2	0	1.3609	-113.8965	116.1583	116.0837	0	1	0	1	0	0	0	0	0	0	0	0	0	0	0	0	0	0	1	1	0	0	0	0	0	0	0	3	26.3	1	0	2.3843	9497.7828	1.7321	1.5	0	0	0
3-Methyl-3-ethylpentane	14018	80.8	0	0	0	0	0	0	0	0	0	0	0	0	0	0	1	0	1	1	1	450.143	105.845	0	0	0	0	0	0	0	0	0	0	0	0	0	1	1	1	0	0	0	0	0	0	0	0	1	0	0	0	0	1	0	1	0	1	1	0	0	0	0	0	0	0	0	0	0	0	0	0	0	0	0	0	0	0	0	0	0	0	0	0	0	0	0	0	0	0	0	0	0	0	0	0	0	0	0	0	0	0	0	0	0	0	42.8	0	0.7511	114.1409	26.6807	8	0	0	2.9609	-97.2573	114.2285	114.1409	0	0	0	0	0	0	0	0	0	0	0	0	0	0	0	0	0	0	0	0	0	0	0	0	0	0	0	3	0	0	0	2.5932	49.1866	2.7491	4.1	0	0	0
"2,4-Dimethyl-3-ethylpentane"	14040	105.3	0	0	0	0	0	0	0	0	0	0	0	0	0	0	1	0	1	1	1	389.6304	73.8549	0	0	0	0	0	0	0	0	0	0	0	0	0	1	1	0	1	0	0	0	0	0	0	0	1	0	0	0	0	0	1	1	1	1	1	0	0	0	0	0	0	0	0	0	0	0	0	0	0	0	0	0	0	0	0	0	0	0	0	0	0	0	0	0	0	0	0	0	0	0	0	0	0	0	0	0	0	0	0	0	0	0	54.4	0	0.7839	128.1565	1.9441	9	0	0	2.8082	-111.1914	128.2551	128.1565	0	0	0	0	0	0	0	0	0	0	0	0	0	0	0	0	0	0	0	0	0	0	0	0	0	0	0	3	0	0	0	2.2984	4967.4493	2.5762	4.2	0	0	0
"2,2-Dimethylheptane"	14062	50.3	0	0	0	0	0	0	0	0	0	0	0	0	0	0	1	0	1	1	1	434.1741	83.3078	0	0	0	0	0	0	0	0	0	0	0	0	0	1	1	1	0	0	0	0	0	0	0	0	1	0	0	0	0	1	0	1	1	0	1	1	1	1	0	0	0	0	0	0	0	0	0	0	0	0	0	0	0	0	0	0	0	0	0	0	0	0	0	0	0	0	0	0	0	0	0	0	0	0	0	0	0	0	0	0	0	0	56.9	0	1.3252	128.1565	5.6986	9	0	0	2.1986	-101.4429	128.2551	128.1565	0	0	0	0	0	0	0	0	0	0	0	0	0	0	0	0	0	0	0	0	0	0	0	0	0	0	0	4	0	0	0	2.5298	1520.4829	3.4427	4.7	0	0	0
"2,2,3,3-Tetramethylpentane"	14462	116.8	0	0	0	0	0	0	0	0	0	0	0	0	0	0	1	0	1	1	1	380.5096	77.449	0	0	0	0	0	0	0	0	0	0	0	0	0	1	1	1	1	0	0	0	0	0	0	0	1	0	0	0	0	1	1	1	1	1	1	0	0	0	0	0	0	0	0	0	0	0	0	0	0	0	0	0	0	0	0	0	0	0	0	0	0	0	0	0	0	0	0	0	0	0	0	0	0	0	0	0	0	0	0	0	0	0	74.5	0	0.7338	128.1565	-9.575	9	0	0	2.5781	-105.468	128.2551	128.1565	0	0	0	0	0	0	0	0	0	0	0	0	0	0	0	0	0	0	0	0	0	0	0	0	0	0	0	2	0	1	0	2.8279	783.584	2.7712	4.1	0	0	0
"1,1-Dimethylcyclopentane"	15421	92.3	0	0	1	0	0	0	0	0	0	1	0	0	0	0	0	0	1	0	1	409.1868	92.3866	0	0	0	0	0	0	0	0	0	0	0	0	0	1	1	1	0	0	0	0	0	0	0	0	1	0	0	0	0	1	0	1	1	1	1	1	0	0	0	0	0	0	0	0	0	0	0	0	0	0	0	0	0	0	0	0	0	0	0	0	0	0	0	0	0	0	0	0	0	0	0	0	0	0	0	0	0	0	0	0	0	0	54.4	0	0.7303	98.1095	5.6986	7	0	0	3.5659	-96.0873	98.1861	98.1095	0	0	0	0	0	0	0	0	0	0	0	0	0	0	0	0	0	0	0	0	0	0	0	0	0	0	0	0	0	0	0	3.3074	1427.1489	3.4325	3.4	0	0	0
Ethylcyclopentane	15431	67.2	0	0	1	0	0	0	0	0	0	1	0	0	0	0	0	0	1	0	1	465.2849	92.4722	0	0	0	0	0	0	0	0	0	0	0	0	0	1	1	0	1	0	0	0	0	0	0	0	1	0	0	0	0	0	0	1	1	1	1	1	0	1	0	0	0	0	0	0	0	0	0	0	0	0	0	0	0	0	0	0	0	0	0	0	0	0	0	0	0	0	0	0	0	0	0	0	0	0	0	0	0	0	0	0	0	0	42	0	0.8319	98.1095	16.5412	7	0	0	1.3437	-57.5872	98.1861	98.1095	0	0	0	0	0	0	0	0	0	0	0	0	0	0	0	0	0	0	0	0	0	0	0	0	0	0	0	1	0	0	0	1.5595	339.6113	1.2818	3.5	0	0	0
Ethylcyclohexane	15504	46.5	0	0	0	1	0	0	0	0	0	0	1	0	0	0	1	0	1	1	1	237.7778	131.6667	0	0	0	0	0	0	0	0	0	0	0	0	0	1	1	0	1	0	0	0	0	0	0	0	1	0	0	0	0	0	0	1	1	1	1	1	0	1	1	0	0	0	0	0	0	0	0	0	0	0	0	0	0	0	0	0	0	0	0	0	0	0	0	0	0	0	0	0	0	0	0	0	0	0	0	0	0	0	0	0	0	0	51.1	0	0.788	112.1252	35	8	0	0	1.0009	-111.1111	112.2126	112.1252	0	0	0	0	0	0	0	0	0	0	0	0	0	0	0	0	0	0	0	0	0	0	0	0	0	0	0	1	0	0	0	2.4044	31.02	2.4	4	0	0	0
n-Propylcyclohexane	15505	17.8	0	0	0	1	0	0	0	0	0	0	1	0	0	0	1	0	1	1	1	437.6367	105.2354	0	0	0	0	0	0	0	0	0	0	0	0	0	1	1	0	1	0	0	0	0	0	0	0	1	0	0	0	0	0	0	1	1	1	1	1	0	1	1	0	0	0	0	0	0	0	0	0	0	0	0	0	0	0	0	0	0	0	0	0	0	0	0	0	0	0	0	0	0	0	0	0	0	0	0	0	0	0	0	0	0	0	60.4	0	0.7718	126.1409	2.027	9	0	0	1.1178	-110.3767	126.2392	126.1409	0	0	0	0	0	0	0	0	0	0	0	0	0	0	0	0	0	0	0	0	0	0	0	0	0	0	0	2	0	0	0	2.4098	375.0719	1.3908	4.6	0	0	0
"1,2,3-Trimethylcyclohexane"	15507	84.8	0	0	0	1	0	0	0	0	0	0	1	0	0	0	1	0	1	1	1	478.5911	103.6262	0	0	0	0	0	0	0	0	0	0	0	0	0	1	1	0	1	0	0	0	0	0	0	0	1	0	0	0	0	0	1	1	1	1	1	1	1	1	1	0	0	0	0	0	0	0	0	0	0	0	0	0	0	0	0	0	0	0	0	0	0	0	0	0	0	0	0	0	0	0	0	0	0	0	0	0	1	0	1	0	0	0	76	0	0.823	126.1409	19.2487	9	0	0	1.3417	-72.9251	126.2392	126.1409	0	0	0	0	0	0	0	0	0	0	0	0	0	0	0	0	0	0	0	0	0	0	0	0	0	0	0	0	0	2	0	2.1043	361.2632	1.3341	4	0	0	0
Isobutylcyclohexane	15508	33.7	0	0	0	1	0	0	0	0	0	0	1	0	0	0	1	0	1	1	1	466.7742	26.7337	0	0	0	0	0	0	0	0	0	0	0	0	0	1	1	0	1	0	0	0	0	0	0	0	1	0	0	0	0	0	0	1	1	1	1	1	1	1	1	0	0	0	0	0	0	0	0	0	0	0	0	0	0	0	0	0	0	0	0	0	0	0	0	0	0	0	0	0	0	0	0	0	0	0	0	0	0	0	0	0	0	0	78	0	0.6172	140.1565	-31.4544	10	0	0	2.994	-149.1125	140.2658	140.1565	0	0	0	0	0	0	0	0	0	0	0	0	0	0	0	0	0	0	0	0	0	0	0	0	0	0	0	2	0	0	0	2.382	1710.3499	2.7533	4.8	0	0	0
n-Propylcyclopentane	16270	31.2	0	0	1	0	0	0	0	0	0	1	0	0	0	0	1	0	1	1	1	463.3187	100.3924	0	0	0	0	0	0	0	0	0	0	0	0	0	1	1	0	1	0	0	0	0	0	0	0	1	0	0	0	0	0	0	1	1	1	1	1	0	1	1	0	0	0	0	0	0	0	0	0	0	0	0	0	0	0	0	0	0	0	0	0	0	0	0	0	0	0	0	0	0	0	0	0	0	0	0	0	0	0	0	0	0	0	51.1	0	0.7915	112.1252	5.0913	8	0	0	1.9475	-91.5144	112.2126	112.1252	0	0	0	0	0	0	0	0	0	0	0	0	0	0	0	0	0	0	0	0	0	0	0	0	0	0	0	2	0	1	0	2.8897	224.2813	2.0872	4	0	0	0
"2,4-Dimethyl-1-Pentene"	16657	99.2	0	0	0	0	0	0	0	0	0	0	0	0	0	0	0	0	1	0	1	445.9988	88.5055	1	0	0	0	0	1	0	1	0	0	0	0	0	1	1	0	1	0	0	0	0	0	0	0	1	0	0	0	0	0	0	1	1	0	1	0	0	0	0	0	0	0	1	0	0	0	0	0	0	0	0	0	0	0	0	0	0	0	0	0	0	0	0	0	0	0	0	1	1	1	0	0	0	0	0	0	0	0	0	0	0	0	60.4	0	0.7201	98.1095	18.7786	7	0	0	3.4918	-117.3419	98.1861	98.1095	0	0	0	0	0	0	0	0	0	0	0	0	0	0	0	0	0	0	0	0	0	0	0	0	0	0	0	2	0	0	0	3.3434	1393.0342	3.2395	3.3	1	0	0
"1,3-Dimethylcyclopentane"	17149	79.9	0	0	1	0	0	0	0	0	0	1	0	0	0	0	0	0	1	0	1	496.0671	74.6043	0	0	0	0	0	0	0	0	0	0	0	0	0	1	1	0	1	0	0	0	0	0	0	0	1	0	0	0	0	0	0	1	1	1	1	1	0	0	0	0	0	0	0	0	0	0	0	0	0	0	0	0	0	0	0	0	0	0	0	0	0	0	0	0	0	0	0	0	0	0	0	0	0	0	0	0	0	1	0	0	0	0	49.1	0	0.7303	98.1095	-2.8988	7	0	0	1.2021	-111.531	98.1861	98.1095	0	0	0	0	0	0	0	0	0	0	0	0	0	0	0	0	0	0	0	0	0	0	0	0	0	0	0	0	0	2	0	2.0751	819.6981	1.6369	3.2	0	0	0
"1,2,4-Trimethylcyclopentane"	17779	89.2	0	0	1	0	0	0	0	0	0	1	0	0	0	0	1	0	1	1	1	528.2525	57.1809	0	0	0	0	0	0	0	0	0	0	0	0	0	1	1	0	1	0	0	0	0	0	0	0	1	0	0	0	0	0	1	1	1	1	1	1	0	1	0	0	0	0	0	0	0	0	0	0	0	0	0	0	0	0	0	0	0	0	0	0	0	0	0	0	0	0	0	0	0	0	0	0	0	0	0	1	0	1	0	0	0	0	66.1	0	0.7444	112.1252	12.3355	8	0	0	1.5661	-93.9204	112.2126	112.1252	0	0	0	0	0	0	0	0	0	0	0	0	0	0	0	0	0	0	0	0	0	0	0	0	0	0	0	0	0	3	0	1.671	1068.384	1.8331	3.5	0	0	0
"1,1,3-Trimethylcyclohexane"	18309	81.3	0	0	0	1	0	0	0	0	0	0	1	0	0	0	1	0	1	1	1	444.7639	70.7479	0	0	0	0	0	0	0	0	0	0	0	0	0	1	1	1	1	0	0	0	0	0	0	0	1	0	0	0	0	1	0	1	1	1	1	1	1	1	0	0	0	0	0	0	0	0	0	0	0	0	0	0	0	0	0	0	0	0	0	0	0	0	0	0	0	0	0	0	0	0	0	0	0	0	0	0	0	0	1	0	0	0	92.2	0	0.7239	126.1409	1.8756	9	0	0	1.104	-120.2283	126.2392	126.1409	0	0	0	0	0	0	0	0	0	0	0	0	0	0	0	0	0	0	0	0	0	0	0	0	0	0	0	0	0	1	0	2.1826	552.5923	1.4506	4.1	0	0	0
tert-Butylcyclohexane	18508	98.5	0	0	0	1	0	0	0	0	0	0	1	0	0	0	1	0	1	1	1	467.2609	68.4022	0	0	0	0	0	0	0	0	0	0	0	0	0	1	1	1	1	0	0	0	0	0	0	0	1	0	0	0	0	1	1	1	1	1	1	1	1	1	1	0	0	0	0	0	0	0	0	0	0	0	0	0	0	0	0	0	0	0	0	0	0	0	0	0	0	0	0	0	0	0	0	0	0	0	0	0	0	0	0	0	0	0	91.1	0	0.7277	140.1565	12.1191	10	0	0	1.2021	-114.8936	140.2658	140.1565	0	0	0	0	0	0	0	0	0	0	0	0	0	0	0	0	0	0	0	0	0	0	0	0	0	0	0	1	0	0	0	2.0751	715.683	1.3715	4.7	0	0	0
4-methylene-1-(1-methylethyl)bicyclo3.1.0hexane	18818	106.5	0	1	1	1	0	0	0	0	1	1	1	0	0	0	1	0	1	1	1	513.7915	62.257	1	0	0	0	0	1	0	1	0	0	0	0	0	1	1	1	1	0	0	0	0	0	0	0	1	0	0	0	0	1	1	1	1	1	1	1	1	1	1	0	0	0	1	0	0	0	0	0	0	0	0	0	0	0	0	0	0	0	0	0	0	0	0	0	0	0	0	1	1	1	0	0	0	0	0	1	0	0	0	0	0	0	179	0	0.7028	136.1252	8.5864	10	0	0	1.7699	-116.8105	136.234	136.1252	0	0	0	0	0	0	0	0	0	0	0	0	0	0	0	0	0	0	0	0	0	0	0	0	0	0	0	1	0	2	0	2.352	837.518	1.854	3.1	1	0	0
3-Methyl-1-Hexene	18848	82.2	0	0	0	0	0	0	0	0	0	0	0	0	0	0	0	0	1	0	1	432.8374	67.7892	0	0	1	0	0	1	0	1	0	0	0	0	0	1	1	0	1	0	0	0	0	0	0	0	1	0	0	0	0	0	0	1	1	0	1	0	0	0	0	0	0	0	1	0	0	0	0	0	0	0	0	0	0	0	0	0	0	0	0	0	0	0	0	0	0	0	0	1	1	1	0	0	0	0	0	0	0	0	0	0	0	0	46	0	0.7256	98.1095	3.1557	7	0	0	2.3792	-88.7069	98.1861	98.1095	0	0	0	0	0	0	0	0	0	0	0	0	0	0	0	0	0	0	0	0	0	0	0	0	0	0	0	3	0	1	0	1.968	791.3627	2.3687	3.3	1	0	1
"2,3-Dimethyl-1-Pentene"	18851	99.3	0	0	0	0	0	0	0	0	0	0	0	0	0	0	0	0	1	0	1	497.6376	68.4002	1	0	0	0	0	1	0	1	0	0	0	0	0	1	1	0	1	0	0	0	0	0	0	0	1	0	0	0	0	0	0	1	0	1	1	0	0	0	0	0	0	0	1	0	0	0	0	0	0	0	0	0	0	0	0	0	0	0	0	0	0	0	0	0	0	0	0	1	1	1	0	0	0	0	0	0	0	0	0	0	0	0	62.4	0	0.7864	98.1095	15.3287	7	0	0	1.4692	-78.1432	98.1861	98.1095	0	0	0	0	0	0	0	0	0	0	0	0	0	0	0	0	0	0	0	0	0	0	0	0	0	0	0	2	0	1	0	1.5775	869.0045	3.4	3.7685	1	0	0
"3,3-Dimethyl-1-Pentene"	18852	103.5	0	0	0	0	0	0	0	0	0	0	0	0	0	0	0	0	1	0	1	496.0671	51.9827	0	0	1	0	0	1	0	1	0	0	0	0	0	1	1	1	0	0	0	0	0	0	0	0	1	0	0	0	0	1	0	1	0	0	0	0	0	0	0	0	0	0	1	0	0	0	0	0	0	0	0	0	0	0	0	0	0	0	0	0	0	0	0	0	0	0	0	1	1	1	0	0	0	0	0	0	0	0	0	0	0	0	60.4	0	0.7012	98.1095	-2.8988	7	0	0	1.2021	-122.5857	98.1861	98.1095	0	0	0	0	0	0	0	0	0	0	0	0	0	0	0	0	0	0	0	0	0	0	0	0	0	0	0	2	0	0	0	2.0751	819.6981	1.6369	3.3	0	0	1
"2,5-Dimethyl-2-Hexene"	18853	95.2	0	0	0	0	0	0	0	0	0	0	0	0	0	0	1	0	1	1	1	496.0671	51.9827	1	0	1	0	0	1	0	1	0	0	0	0	0	1	1	0	1	0	0	0	0	0	0	0	1	0	0	0	0	0	0	1	0	0	0	0	0	0	0	0	0	0	1	1	0	0	0	0	0	0	1	1	0	0	0	0	0	0	0	0	0	0	0	0	0	0	0	1	1	1	0	0	0	0	0	0	0	0	0	0	0	0	74	0	0.7012	112.1252	-2.8988	8	0	0	1.2021	-122.5857	112.2126	112.1252	0	0	0	0	0	0	0	0	0	0	0	0	0	0	0	0	0	0	0	0	0	0	0	0	0	0	0	2	0	0	0	2.0751	819.6981	1.6157	3.5	1	0	0
1-Ethyl-3-Methylcyclopentane	19502	57.6	0	0	1	0	0	0	0	0	0	1	0	0	0	0	1	0	1	1	1	496.0671	51.9827	0	0	0	0	0	0	0	0	0	0	0	0	0	1	1	0	1	0	0	0	0	0	0	0	1	0	0	0	0	0	0	1	1	1	1	1	1	1	0	0	0	0	0	0	0	0	0	0	0	0	0	0	0	0	0	0	0	0	0	0	0	0	0	0	0	0	0	0	0	0	0	0	0	0	0	0	0	1	0	0	0	0	66.4	0	0.7012	112.1252	-2.8988	8	0	0	1.2021	-122.5857	112.2126	112.1252	0	0	0	0	0	0	0	0	0	0	0	0	0	0	0	0	0	0	0	0	0	0	0	0	0	0	0	1	0	3	0	2.0751	819.6981	1.6369	3.8	0	0	0
4-Methyl-1-Hexene	19589	86.4	0	0	0	0	0	0	0	0	0	0	0	0	0	0	0	0	1	0	1	427.5519	60.7462	0	0	1	0	0	1	0	1	0	0	0	0	0	1	1	0	1	0	0	0	0	0	0	0	1	0	0	0	0	0	0	1	0	1	1	0	0	0	0	0	0	0	1	0	0	0	0	0	0	0	0	0	0	0	0	0	0	0	0	0	0	0	0	0	0	0	0	1	1	1	0	0	0	0	0	0	0	0	0	0	0	0	46	0	10.7411	98.1095	10.8264	7	0	0	2.2689	-104.2901	98.1861	98.1095	0	0	0	0	0	0	0	0	0	0	0	0	0	0	0	0	0	0	0	0	0	0	0	0	0	0	0	3	0	1	0	2.6091	10493.416	2.2052	3.2	1	0	1
Isopropylcyclopentane	19751	81.1	0	0	1	0	0	0	0	0	0	1	0	0	0	0	1	0	1	1	1	505.1919	83.0829	0	0	0	0	0	0	0	0	0	0	0	0	0	1	1	0	1	0	0	0	0	0	0	0	1	0	0	0	0	0	1	1	1	1	1	1	1	1	0	0	0	0	0	0	0	0	0	0	0	0	0	0	0	0	0	0	0	0	0	0	0	0	0	0	0	0	0	0	0	0	0	0	0	0	0	0	0	0	0	0	0	0	58.4	0	0.8758	112.1252	-1.0109	8	0	0	1.403	-94.7735	112.2126	112.1252	0	0	0	0	0	0	0	0	0	0	0	0	0	0	0	0	0	0	0	0	0	0	0	0	0	0	0	1	0	1	0	2.936	5241.4252	1.8066	3.8	0	0	0
3-Ethyl-1-Pentene	19951	95.6	0	0	0	0	0	0	0	0	0	0	0	0	0	0	0	0	1	0	1	422.389	47.9313	0	0	1	0	0	1	0	1	0	0	0	0	0	1	1	0	1	0	0	0	0	0	0	0	1	0	0	0	0	0	0	1	0	1	1	0	0	0	0	0	0	0	1	0	0	0	0	0	0	0	0	0	0	0	0	0	0	0	0	0	0	0	0	0	0	0	0	1	1	1	0	0	0	0	0	0	0	0	0	0	0	0	42	0	7.7896	98.1095	-0.2832	7	0	0	1.4185	-109.0089	98.1861	98.1095	0	0	0	0	0	0	0	0	0	0	0	0	0	0	0	0	0	0	0	0	0	0	0	0	0	0	0	3	0	0	0	2.2901	11709.8108	2.1005	3.3	1	0	1
2-Hexene	19966	92.7	0	0	0	0	0	0	0	0	0	0	0	0	0	0	0	0	1	0	1	422.1226	70.1269	0	0	1	0	0	1	0	1	0	0	0	0	0	1	0	0	0	0	0	0	0	0	0	0	1	0	0	0	0	0	0	0	0	0	0	0	0	0	0	0	0	0	1	1	0	0	0	0	0	0	1	1	0	0	0	0	0	0	0	0	0	0	0	0	0	0	0	1	1	1	0	0	0	0	0	0	0	0	0	0	0	0	35.3	0	0.737	84.0939	2.0222	6	0	0	2.2277	-93.0105	84.1595	84.0939	0	0	0	0	0	0	0	0	0	0	0	0	0	0	0	0	0	0	0	0	0	0	0	0	0	0	0	2	0	0	1	1.7911	173	2.4664	2.6	1	0	1
"1,1,3-Trimethylcyclopentane"	20615	81.7	0	0	1	0	0	0	0	0	0	1	0	0	0	0	1	0	1	1	1	388.3187	98.1835	0	0	0	0	0	0	0	0	0	0	0	0	0	1	1	1	1	0	0	0	0	0	0	0	1	0	0	0	0	1	0	1	1	1	1	1	0	0	0	0	0	0	0	0	0	0	0	0	0	0	0	0	0	0	0	0	0	0	0	0	0	0	0	0	0	0	0	0	0	0	0	0	0	0	0	0	0	1	0	0	0	0	82	0	0.7502	112.1252	31.1685	8	0	0	2.8123	-93.7202	112.2126	112.1252	0	0	0	0	0	0	0	0	0	0	0	0	0	0	0	0	0	0	0	0	0	0	0	0	0	0	0	0	0	1	0	2.6659	1324.5926	2.5811	3.6	0	0	0
6-Methyl-1-Heptene	21122	63.8	0	0	0	0	0	0	0	0	0	0	0	0	0	0	1	0	1	1	1	381.2582	67.4793	0	0	1	0	0	1	0	1	0	0	0	0	0	1	1	0	1	0	0	0	0	0	0	0	1	0	0	0	0	0	0	1	1	0	1	1	0	0	0	0	0	0	1	0	0	0	0	0	0	0	0	0	0	0	0	0	0	0	0	0	0	0	0	0	0	0	0	1	1	1	0	0	0	0	0	0	0	0	0	0	0	0	53.1	0	0.6826	112.1252	20	8	0	0	3.3925	-99.8035	112.2126	112.1252	0	0	0	0	0	0	0	0	0	0	0	0	0	0	0	0	0	0	0	0	0	0	0	0	0	0	0	4	0	0	0	2.6428	1855.5588	2.8278	3.7	1	0	1
2-pentanol	22386	99.4	1	0	0	0	0	0	0	0	0	0	0	0	0	0	0	0	1	0	1	360	116	0	0	0	0	0	0	0	0	0	0	0	0	0	1	0	0	0	0	1	1	1	1	0	0	1	1	0	0	0	0	0	0	0	0	1	0	0	0	0	0	1	0	0	0	0	0	0	0	0	0	0	0	0	0	1	0	0	0	0	0	0	0	0	0	0	0	0	0	0	0	0	0	0	0	0	0	0	0	0	0	0	0	27.1	0	1	88.0888	30	6	1	1	1.21	-8	88.1482	88.0888	0	0	1	1	0	0	0	0	0	0	0	0	0	0	0	0	0	1	0	0	0	0	0	0	0	0	0	2	20.2	1	0	1	1	1.2	3.8205	0	1	0
2-Methyl-1-Hexene	22468	90.7	0	0	0	0	0	0	0	0	0	0	0	0	0	0	0	0	1	0	1	423.8685	101.0818	1	0	0	0	0	1	0	1	0	0	0	0	0	1	1	0	0	0	0	0	0	0	0	0	1	0	0	0	0	0	0	0	0	0	1	1	0	0	0	0	0	0	1	0	0	0	0	0	0	0	0	0	0	0	0	0	0	0	0	0	0	0	0	0	0	0	0	1	1	1	0	0	0	0	0	0	0	0	0	0	0	0	53.1	0	0.7567	98.1095	-0.4895	7	0	0	1.2761	-111.3478	98.1861	98.1095	0	0	0	0	0	0	0	0	0	0	0	0	0	0	0	0	0	0	0	0	0	0	0	0	0	0	0	3	0	0	0	2.3732	197.4038	1.7441	3.6	1	0	0
sec-Butylcyclohexane	23468	51	0	0	0	1	0	0	0	0	0	0	1	0	0	0	1	0	1	1	1	477.8191	104.741	0	0	0	0	0	0	0	0	0	0	0	0	0	1	1	0	1	0	0	0	0	0	0	0	1	0	0	0	0	0	1	1	1	1	1	1	1	1	1	0	0	0	0	0	0	0	0	0	0	0	0	0	0	0	0	0	0	0	0	0	0	0	0	0	0	0	0	0	0	0	0	0	0	0	0	0	0	0	0	0	0	0	80	0	0.8057	140.1565	11.0374	10	0	0	0.9971	-98.7703	140.2658	140.1565	0	0	0	0	0	0	0	0	0	0	0	0	0	0	0	0	0	0	0	0	0	0	0	0	0	0	0	2	0	1	0	2.2365	123.3582	1.4705	4.8	0	0	0
"2,3-Dimethyl-2-Hexene"	23528	93.1	0	0	0	0	0	0	0	0	0	0	0	0	0	0	1	0	1	1	1	700.1375	123.9757	1	0	0	0	0	1	0	0	0	0	0	0	0	1	1	0	0	0	0	0	0	0	0	0	1	0	0	0	0	0	0	0	0	0	1	0	0	0	0	0	0	0	1	1	0	0	0	0	0	0	1	1	0	0	0	0	0	0	0	0	0	0	0	0	0	0	0	1	1	1	0	0	0	0	0	0	0	0	0	0	0	0	84.2	0	0.8582	112.1252	32.7996	8	0	0	2.2835	-88.6844	112.2126	112.1252	0	0	0	0	0	0	0	0	0	0	0	0	0	0	0	0	0	0	0	0	0	0	0	0	0	0	0	2	0	0	0	3.6058	29.5116	2.2403	3.9	0	0	0
"3,3,5-Trimethylheptane"	23544	86.4	0	0	0	0	0	0	0	0	0	0	0	0	0	0	1	0	1	1	1	496.0671	61.9261	0	0	0	0	0	0	0	0	0	0	0	0	0	1	1	1	1	0	0	0	0	0	0	0	1	0	0	0	0	1	0	1	1	1	1	1	0	1	0	0	0	0	0	0	0	0	0	0	0	0	0	0	0	0	0	0	0	0	0	0	0	0	0	0	0	0	0	0	0	0	0	0	0	0	0	0	0	0	0	0	0	0	82	0	0.7015	142.1722	-2.8988	10	0	0	1.2021	-119.7149	142.2817	142.1722	0	0	0	0	0	0	0	0	0	0	0	0	0	0	0	0	0	0	0	0	0	0	0	0	0	0	0	4	0	1	0	2.0751	819.6981	1.6369	4.9	0	0	0
"2,3-Dimethyl-2-Pentene"	25403	97.5	0	0	0	0	0	0	0	0	0	0	0	0	0	0	0	0	1	0	1	369.3561	67.6024	1	0	0	0	0	1	0	0	0	0	0	0	0	1	1	0	0	0	0	0	0	0	0	0	1	0	0	0	0	0	0	0	0	0	0	0	0	0	0	0	0	0	1	1	0	0	0	0	0	0	1	1	0	0	0	0	0	0	0	0	0	0	0	0	0	0	0	1	1	0	0	0	0	0	0	0	0	0	0	0	0	0	74	0	0.7102	98.1095	15.2014	7	0	0	2.8684	-112.8959	98.1861	98.1095	0	0	0	0	0	0	0	0	0	0	0	0	0	0	0	0	0	0	0	0	0	0	0	0	0	0	0	1	0	0	0	2.3374	1613.4857	3.0936	3.3	0	0	0
"2,2,3,3-Tetramethylhexane"	26057	112.8	0	0	0	0	0	0	0	0	0	0	0	0	0	0	1	0	1	1	1	478.7278	97.6056	0	0	0	0	0	0	0	0	0	0	0	0	0	1	1	1	0	0	0	0	0	0	0	0	1	0	0	0	0	1	1	1	1	1	1	1	0	0	0	0	0	0	0	0	0	0	0	0	0	0	0	0	0	0	0	0	0	0	0	0	0	0	0	0	0	0	0	0	0	0	0	0	0	0	0	0	0	0	0	0	0	0	93.1	0	0.7612	142.1722	-0.4549	10	0	0	1.2977	-111.792	142.2817	142.1722	0	0	0	0	0	0	0	0	0	0	0	0	0	0	0	0	0	0	0	0	0	0	0	0	0	0	0	3	0	0	0	2.3668	535.0585	1.0961	4.8	0	0	0
2-Methyl-1-Heptene	27519	70.2	0	0	0	0	0	0	0	0	0	0	0	0	0	0	1	0	1	1	1	478.7278	97.6056	1	0	0	0	0	1	0	1	0	0	0	0	0	1	1	0	0	0	0	0	0	0	0	0	1	0	0	0	0	0	0	0	0	0	1	1	0	1	0	0	0	0	1	0	0	0	0	0	0	0	0	0	0	0	0	0	0	0	0	0	0	0	0	0	0	0	0	1	1	1	0	0	0	0	0	0	0	0	0	0	0	0	62.4	0	0.7612	112.1252	-0.4549	8	0	0	1.2977	-111.792	112.2126	112.1252	0	0	0	0	0	0	0	0	0	0	0	0	0	0	0	0	0	0	0	0	0	0	0	0	0	0	0	4	0	0	0	2.3668	535.0585	1.0961	4.1	1	0	0
"2,5-Dimethyl-3-Hexene"	27535	101.9	0	0	0	0	0	0	0	0	0	0	0	0	0	0	1	0	1	1	1	420.4512	95.7885	0	0	1	0	0	1	0	1	0	0	0	0	0	1	1	0	1	0	0	0	0	0	0	0	1	0	0	0	0	0	0	0	0	0	0	0	0	0	0	0	0	0	1	1	0	0	0	0	0	0	1	1	0	0	0	0	0	0	0	0	0	0	0	0	0	0	0	1	1	0	0	0	0	0	0	0	0	0	0	0	0	0	58.1	0	0.7555	112.1252	-2.1735	8	0	0	0.9985	-111.5904	112.2126	112.1252	0	0	0	0	0	0	0	0	0	0	0	0	0	0	0	0	0	0	0	0	0	0	0	0	0	0	0	2	0	0	1	2.3218	211.2697	0.9204	3.2	1	0	1
"2,2-Dimethyl-3-ethylpentane"	28026	112.1	0	0	0	0	0	0	0	0	0	0	0	0	0	0	1	0	1	1	1	477.8191	99.4149	0	0	0	0	0	0	0	0	0	0	0	0	0	1	1	1	1	0	0	0	0	0	0	0	1	0	0	0	0	1	1	1	1	1	1	0	0	0	0	0	0	0	0	0	0	0	0	0	0	0	0	0	0	0	0	0	0	0	0	0	0	0	0	0	0	0	0	0	0	0	0	0	0	0	0	0	0	0	0	0	0	0	62.6	0	0.7717	128.1565	11.0374	9	0	0	0.9971	-111.3981	128.2551	128.1565	0	0	0	0	0	0	0	0	0	0	0	0	0	0	0	0	0	0	0	0	0	0	0	0	0	0	0	3	0	0	0	2.2365	123.3582	1.1616	4.4	0	0	0
Butyl_acetate	31272	100.8	1	0	0	0	0	0	0	0	0	0	0	0	0	0	0	1	1	0	1	797	126.1	0	0	0	0	1	0	1	0	0	1	0	0	0	1	0	0	0	0	0	0	1	1	0	0	1	1	0	0	1	0	0	0	0	0	0	0	0	0	0	0	0	0	0	0	1	0	0	0	0	0	0	0	0	0	1	0	0	0	0	0	0	0	0	0	0	0	0	0	0	0	0	0	0	0	1	0	0	0	0	0	0	0	68.9	0	0.8825	116.0837	22.2222	8	2	0	1.78	-78	116.1583	116.0837	0	1	0	1	0	0	0	0	0	0	0	0	0	0	0	0	0	0	0	0	0	0	0	0	0	0	0	4	26.3	0	0	4	11.5	1.8	3.5344	0	0	0
3-Methylbutyl_acetate	31276	100.6	1	0	0	0	0	0	0	0	0	0	0	0	0	0	0	1	1	0	1	360	142	0	0	0	0	1	0	1	0	0	1	0	0	0	1	1	0	1	0	0	0	1	1	0	0	1	1	0	0	1	0	0	1	0	0	0	0	0	0	0	0	0	0	0	0	1	0	0	0	0	0	0	0	0	0	1	0	0	0	0	0	0	0	0	0	0	0	0	0	0	0	0	0	0	0	1	0	0	0	0	0	0	0	86.9	0	0.876	130.0994	92	9	2	0	2.25	-78.5	130.1849	130.0994	0	1	0	1	0	0	0	0	0	0	0	0	0	0	0	0	0	0	0	0	0	0	0	0	0	0	0	4	26.3	0	0	1	5.6	2	3.3417	0	0	0
"3,4-Dimethyl-2-Pentene"	32737	96.2	0	0	0	0	0	0	0	0	0	0	0	0	0	0	0	0	1	0	1	362.339	81.7444	1	0	1	0	0	1	0	1	0	0	0	0	0	1	1	0	1	0	0	0	0	0	0	0	1	0	0	0	0	0	0	1	0	0	0	0	0	0	0	0	0	0	1	1	0	0	0	0	0	0	1	1	0	0	0	0	0	0	0	0	0	0	0	0	0	0	0	1	1	0	0	0	0	0	0	0	0	0	0	0	0	0	68.1	0	0.7475	98.1095	1.1331	7	0	0	2.7851	-102.4033	98.1861	98.1095	0	0	0	0	0	0	0	0	0	0	0	0	0	0	0	0	0	0	0	0	0	0	0	0	0	0	0	1	0	0	1	2.6884	608.5018	2.6568	3.1	1	0	0
3-Octene	32935	72.5	0	0	0	0	0	0	0	0	0	0	0	0	0	0	1	0	1	1	1	406.6041	93.9039	0	0	1	0	0	1	0	1	0	0	0	0	0	1	0	0	0	0	0	0	0	0	0	0	1	0	0	0	0	0	0	0	0	0	1	0	0	0	0	0	0	0	1	1	0	0	0	0	0	0	1	1	0	0	0	0	0	0	0	0	0	0	0	0	0	0	0	1	1	1	0	0	0	0	0	0	0	0	0	0	0	0	53.1	0	0.7627	112.1252	9.0019	8	0	0	2.6958	-102.8728	112.2126	112.1252	0	0	0	0	0	0	0	0	0	0	0	0	0	0	0	0	0	0	0	0	0	0	0	0	0	0	0	4	0	0	1	3.2851	591.3719	2.7259	3.6	1	0	1
"1,1,2-Trimethylcyclohexane"	35363	95.7	0	0	0	1	0	0	0	0	0	0	1	0	0	0	1	0	1	1	1	403.2437	104.1333	0	0	0	0	0	0	0	0	0	0	0	0	0	1	1	1	1	0	0	0	0	0	0	0	1	0	0	0	0	1	1	1	1	1	1	1	1	1	1	0	0	0	0	0	0	0	0	0	0	0	0	0	0	0	0	0	0	0	0	0	0	0	0	0	0	0	0	0	0	0	0	0	0	0	0	0	1	0	0	0	0	0	92.2	0	0.7598	126.1409	3.4438	9	0	0	0.8894	-111.3242	126.2392	126.1409	0	0	0	0	0	0	0	0	0	0	0	0	0	0	0	0	0	0	0	0	0	0	0	0	0	0	0	0	0	1	0	2.2703	178.9632	0.9597	4.1	0	0	0
"1,3,5-Trimethylcyclohexane"	35364	63.8	0	0	0	1	0	0	0	0	0	0	1	0	0	0	1	0	1	1	1	434.1741	83.3078	0	0	0	0	0	0	0	0	0	0	0	0	0	1	1	0	1	0	0	0	0	0	0	0	1	0	0	0	0	0	0	1	1	1	1	1	1	1	0	0	0	0	0	0	0	0	0	0	0	0	0	0	0	0	0	0	0	0	0	0	0	0	0	0	0	0	0	0	0	0	0	0	0	0	0	0	0	0	1	0	0	0	55	0	1.3252	126.1409	5.6986	9	0	0	2.1986	-101.4429	126.2392	126.1409	0	0	0	0	0	0	0	0	0	0	0	0	0	0	0	0	0	0	0	0	0	0	0	0	0	0	0	0	0	0	0	2.5298	1520.4829	2.8608	4	0	0	0
"1,2,3-Trimethylcyclopentane"	35368	89.2	0	0	1	0	0	0	0	0	0	1	0	0	0	0	1	0	1	1	1	560.4586	88.5125	0	0	0	0	0	0	0	0	0	0	0	0	0	1	1	0	1	0	0	0	0	0	0	0	1	0	0	0	0	0	1	1	1	1	1	1	0	1	0	0	0	0	0	0	0	0	0	0	0	0	0	0	0	0	0	0	0	0	0	0	0	0	0	0	0	0	0	0	0	0	0	0	0	0	0	1	0	1	0	0	0	0	66.1	0	0.8706	112.1252	-1.0344	8	0	0	1.6239	-91.2026	112.2126	112.1252	0	0	0	0	0	0	0	0	0	0	0	0	0	0	0	0	0	0	0	0	0	0	0	0	0	0	0	0	0	2	0	2.9267	4706.9205	2.2058	3.5	0	0	0
1-Methyl-1-ethylcyclohexane	35411	68.7	0	0	0	1	0	0	0	0	0	0	1	0	0	0	1	0	1	1	1	337.1637	72.8156	0	0	0	0	0	0	0	0	0	0	0	0	0	1	1	1	0	0	0	0	0	0	0	0	1	0	0	0	0	1	0	1	1	1	1	1	1	1	1	0	0	0	0	0	0	0	0	0	0	0	0	0	0	0	0	0	0	0	0	0	0	0	0	0	0	0	0	0	0	0	0	0	0	0	0	0	0	0	0	0	0	0	78	0	0.684	126.1409	2.1751	9	0	0	3.4584	-112.1472	126.2392	126.1409	0	0	0	0	0	0	0	0	0	0	0	0	0	0	0	0	0	0	0	0	0	0	0	0	0	0	0	1	0	0	0	2.466	1453.9447	2.6775	4.4	0	0	0
2-Methyl-3-Hexene	39145	97.9	0	0	0	0	0	0	0	0	0	0	0	0	0	0	0	0	1	0	1	420.4512	95.7885	0	0	1	0	0	1	0	1	0	0	0	0	0	1	1	0	1	0	0	0	0	0	0	0	1	0	0	0	0	0	0	0	0	0	0	0	0	0	0	0	0	0	1	1	0	0	0	0	0	0	1	1	0	0	0	0	0	0	0	0	0	0	0	0	0	0	0	1	1	0	0	0	0	0	0	0	0	0	0	0	0	0	51.1	0	0.7555	98.1095	-2.1735	7	0	0	0.9985	-111.5904	98.1861	98.1095	0	0	0	0	0	0	0	0	0	0	0	0	0	0	0	0	0	0	0	0	0	0	0	0	0	0	0	2	0	0	1	2.3218	211.2697	0.9204	2.9	1	0	1
3-Ethylheptane	51806	84	0	0	0	0	0	0	0	0	0	0	0	0	0	0	1	0	1	1	1	573.238	95.0423	0	0	0	0	0	0	0	0	0	0	0	0	0	1	1	0	1	0	0	0	0	0	0	0	1	0	0	0	0	0	0	1	1	1	1	1	0	1	0	0	0	0	0	0	0	0	0	0	0	0	0	0	0	0	0	0	0	0	0	0	0	0	0	0	0	0	0	0	0	0	0	0	0	0	0	0	0	0	0	0	0	0	44	0	0.7742	128.1565	11.5285	9	0	0	1.0553	-109.7768	128.2551	128.1565	0	0	0	0	0	0	0	0	0	0	0	0	0	0	0	0	0	0	0	0	0	0	0	0	0	0	0	5	0	0	0	2.4564	382.8919	1.083	4.8	0	0	0
"2,2-Dimethyl-3-Hexene"	69649	106	0	0	0	0	0	0	0	0	0	0	0	0	0	0	1	0	1	1	1	503.3393	62.8782	0	0	1	0	0	1	0	1	0	0	0	0	0	1	1	1	0	0	0	0	0	0	0	0	1	0	0	0	0	0	0	0	0	0	0	0	0	0	0	0	0	0	1	1	0	0	0	0	0	0	1	1	0	0	0	0	0	0	0	0	0	0	0	0	0	0	0	1	1	0	0	0	0	0	0	0	0	0	0	0	0	0	72.5	0	0.7009	112.1252	-2.5754	8	0	0	1.2043	-123.209	112.2126	112.1252	0	0	0	0	0	0	0	0	0	0	0	0	0	0	0	0	0	0	0	0	0	0	0	0	0	0	0	2	0	0	1	2.0489	868.7406	0.6866	3.4	1	0	1
2-Methyl-3-Heptene	69655	94.6	0	0	0	0	0	0	0	0	0	0	0	0	0	0	1	0	1	1	1	517.6163	90.1526	0	0	1	0	0	1	0	1	0	0	0	0	0	1	1	0	1	0	0	0	0	0	0	0	1	0	0	0	0	0	0	0	0	0	0	0	0	0	0	0	0	0	1	1	0	0	0	0	0	0	1	1	0	0	0	0	0	0	0	0	0	0	0	0	0	0	0	1	1	1	0	0	0	0	0	0	0	0	0	0	0	0	60.4	0	0.7651	112.1252	-1.1493	8	0	0	0.6389	-113.1192	112.2126	112.1252	0	0	0	0	0	0	0	0	0	0	0	0	0	0	0	0	0	0	0	0	0	0	0	0	0	0	0	3	0	0	1	1.9509	151.197	1.2487	3.4	1	0	1
5-Methyl-1-Hexene	77058	75.5	0	0	0	0	0	0	0	0	0	0	0	0	0	0	0	0	1	0	1	434.1741	83.3078	0	0	1	0	0	1	0	1	0	0	0	0	0	1	1	0	1	0	0	0	0	0	0	0	1	0	0	0	0	0	0	1	1	0	1	0	0	0	0	0	0	0	1	0	0	0	0	0	0	0	0	0	0	0	0	0	0	0	0	0	0	0	0	0	0	0	0	1	1	1	0	0	0	0	0	0	0	0	0	0	0	0	44	0	1.3252	98.1095	5.6986	7	0	0	2.1986	-101.4429	98.1861	98.1095	0	0	0	0	0	0	0	0	0	0	0	0	0	0	0	0	0	0	0	0	0	0	0	0	0	0	0	3	0	0	0	2.5298	1520.4829	2.705	3.2	1	0	1
Isobutylcyclopentane	77414	33.4	0	0	1	0	0	0	0	0	0	1	0	0	0	0	1	0	1	1	1	466.7314	12.5555	0	0	0	0	0	0	0	0	0	0	0	0	0	1	1	0	1	0	0	0	0	0	0	0	1	0	0	0	0	0	0	1	1	1	1	1	1	1	1	0	0	0	0	0	0	0	0	0	0	0	0	0	0	0	0	0	0	0	0	0	0	0	0	0	0	0	0	0	0	0	0	0	0	0	0	0	0	0	0	0	0	0	68.1	0	9.2974	126.1409	-27.3475	9	0	0	1.8286	-131.199	126.2392	126.1409	0	0	0	0	0	0	0	0	0	0	0	0	0	0	0	0	0	0	0	0	0	0	0	0	0	0	0	2	0	0	0	2.3009	17695.4418	2.8806	4.3	0	0	0
2-Ethyl-3-Methyl-1-Butene	81818	97	0	0	0	0	0	0	0	0	0	0	0	0	0	0	0	0	1	0	1	355.543	93.1259	1	0	0	0	0	1	0	1	0	0	0	0	0	1	1	0	1	0	0	0	0	0	0	0	1	0	0	0	0	0	0	1	1	0	1	0	0	0	0	0	0	0	1	0	0	0	0	0	0	0	0	0	0	0	0	0	0	0	0	0	0	0	0	0	0	0	0	1	1	0	0	0	0	0	0	0	0	0	0	0	0	0	60.4	0	0.6898	98.1095	10.0887	7	0	0	3.1887	-127.2469	98.1861	98.1095	0	0	0	0	0	0	0	0	0	0	0	0	0	0	0	0	0	0	0	0	0	0	0	0	0	0	0	2	0	0	0	2.8415	300.1253	3.3	2.9365	1	0	0
"2,3-Dimethyl-1-Hexene"	86061	96.3	0	0	0	0	0	0	0	0	0	0	0	0	0	0	1	0	1	1	1	454.6904	97.2139	1	0	0	0	0	1	0	1	0	0	0	0	0	1	1	0	1	0	0	0	0	0	0	0	1	0	0	0	0	0	0	1	1	1	1	1	0	0	0	0	0	0	1	0	0	0	0	0	0	0	0	0	0	0	0	0	0	0	0	0	0	0	0	0	0	0	0	1	1	1	0	0	0	0	0	0	0	0	0	0	0	0	72.1	0	0.7114	112.1252	9.547	8	0	0	3.2022	-110.3341	112.2126	112.1252	0	0	0	0	0	0	0	0	0	0	0	0	0	0	0	0	0	0	0	0	0	0	0	0	0	0	0	3	0	1	0	2.9805	449.7943	3.6139	3.9	1	0	0
"1,2,4-Trimethylcyclohexane"	91517	72.9	0	0	0	1	0	0	0	0	0	0	1	0	0	0	1	0	1	1	1	481.9745	51.2521	0	0	0	0	0	0	0	0	0	0	0	0	0	1	1	0	1	0	0	0	0	0	0	0	1	0	0	0	0	0	1	1	1	1	1	1	1	1	1	0	0	0	0	0	0	0	0	0	0	0	0	0	0	0	0	0	0	0	0	0	0	0	0	0	0	0	0	0	0	0	0	0	0	0	0	0	1	0	1	1	0	0	86	0	0.6777	126.1409	0.0772	9	0	0	2.7427	-115.3937	126.2392	126.1409	0	0	0	0	0	0	0	0	0	0	0	0	0	0	0	0	0	0	0	0	0	0	0	0	0	0	0	0	0	3	0	2.1877	1097.6755	2.7066	4	0	0	0
1-Methyl-2-propylcyclohexane	107252	29.9	0	0	0	1	0	0	0	0	0	0	1	0	0	0	1	0	1	1	1	403.2501	79.0077	0	0	0	0	0	0	0	0	0	0	0	0	0	1	1	0	1	0	0	0	0	0	0	0	1	0	0	0	0	0	1	1	1	1	1	1	0	1	1	0	0	0	0	0	0	0	0	0	0	0	0	0	0	0	0	0	0	0	0	0	0	0	0	0	0	0	0	0	0	0	0	0	0	0	0	0	1	0	0	0	0	0	86	0	0.8368	140.1565	-6.9073	10	0	0	1.4465	-88.1162	140.2658	140.1565	0	0	0	0	0	0	0	0	0	0	0	0	0	0	0	0	0	0	0	0	0	0	0	0	0	0	0	2	0	2	0	3.0612	245.1022	1.4199	4.8	0	0	0
1-Methyl-2-ethylcyclopentane	136729	57.6	0	0	1	0	0	0	0	0	0	1	0	0	0	0	1	0	1	1	1	433.7556	122.1858	0	0	0	0	0	0	0	0	0	0	0	0	0	1	1	0	1	0	0	0	0	0	0	0	1	0	0	0	0	0	1	1	1	1	1	1	0	1	1	0	0	0	0	0	0	0	0	0	0	0	0	0	0	0	0	0	0	0	0	0	0	0	0	0	0	0	0	0	0	0	0	0	0	0	0	1	0	0	0	0	0	0	66.4	0	0.7911	112.1252	19.0425	8	0	0	2.9869	-85.4457	112.2126	112.1252	0	0	0	0	0	0	0	0	0	0	0	0	0	0	0	0	0	0	0	0	0	0	0	0	0	0	0	1	0	2	0	3.1075	41.0298	2.7909	3.8	0	0	0
"4,4-Diethyl-1-Heptene"	137136	79.8	0	0	0	0	0	0	0	0	0	0	0	0	0	0	1	0	1	1	1	450.0471	101.9692	0	0	1	0	0	1	0	1	0	0	0	0	0	1	1	1	0	0	0	0	0	0	0	0	1	0	0	0	0	1	0	1	0	1	1	0	0	0	0	0	0	0	1	0	0	0	0	0	0	0	0	0	0	0	0	0	0	0	0	0	0	0	0	0	0	0	0	1	1	1	0	0	0	0	0	0	0	0	0	0	0	0	70.1	0	0.7611	112.1252	24.0021	8	0	0	2.9527	-101.0544	112.2126	112.1252	0	0	0	0	0	0	0	0	0	0	0	0	0	0	0	0	0	0	0	0	0	0	0	0	0	0	0	3	0	0	0	3.3792	1140.8709	2.977	3.6	1	0	1
3-Methyl-3-Hexene	138074	96.2	0	0	0	0	0	0	0	0	0	0	0	0	0	0	0	0	1	0	1	406.5884	47.1599	1	0	1	0	0	1	0	1	0	0	0	0	0	1	1	0	0	0	0	0	0	0	0	0	1	0	0	0	0	0	0	0	0	0	0	0	0	0	0	0	0	0	1	1	0	0	0	0	0	0	1	1	0	0	0	0	0	0	0	0	0	0	0	0	0	0	0	1	1	0	0	0	0	0	0	0	0	0	0	0	0	0	60.4	0	0.6776	98.1095	-22.9313	7	0	0	3.0125	-119.7973	98.1861	98.1095	0	0	0	0	0	0	0	0	0	0	0	0	0	0	0	0	0	0	0	0	0	0	0	0	0	0	0	2	0	0	1	2.7584	1695.5399	2.3277	3.2	1	0	0
Ethylcycloheptane	139398	28	0	0	0	0	1	0	0	0	0	0	0	1	0	0	1	0	1	1	1	492.432	109.6683	0	0	0	0	0	0	0	0	0	0	0	0	0	1	1	0	1	0	0	0	0	0	0	0	1	0	0	0	0	0	0	1	1	1	1	1	1	1	1	0	0	0	0	0	0	0	0	0	0	0	0	0	0	0	0	0	0	0	0	0	0	0	0	0	0	0	0	0	0	0	0	0	0	0	0	0	0	0	0	0	0	0	58.4	0	0.7847	126.1409	20.7492	9	0	0	2.3724	-86.9912	126.2392	126.1409	0	0	0	0	0	0	0	0	0	0	0	0	0	0	0	0	0	0	0	0	0	0	0	0	0	0	0	1	0	0	0	2.7197	34.1457	2.1742	4.6	0	0	0
3-Ethyl-2-Methyl-1-Pentene	140591	99.5	0	0	0	0	0	0	0	0	0	0	0	0	0	0	1	0	1	1	1	345.9574	46.6172	1	0	0	0	0	1	0	1	0	0	0	0	0	1	1	0	1	0	0	0	0	0	0	0	1	0	0	0	0	0	0	1	0	1	1	0	0	0	0	0	0	0	1	0	0	0	0	0	0	0	0	0	0	0	0	0	0	0	0	0	0	0	0	0	0	0	0	1	1	1	0	0	0	0	0	0	0	0	0	0	0	0	68.1	0	0.6473	112.1252	-39.5097	8	0	0	3.4849	-119.9985	112.2126	112.1252	0	0	0	0	0	0	0	0	0	0	0	0	0	0	0	0	0	0	0	0	0	0	0	0	0	0	0	3	0	0	0	2.8378	1650.3234	3.1425	3.9	1	0	0
3-Ethyl-2-Methyl-2-Pentene	140592	95.6	0	0	0	0	0	0	0	0	0	0	0	0	0	0	1	0	1	1	1	380.5424	78.3963	1	0	0	0	0	1	0	0	0	0	0	0	0	1	1	0	0	0	0	0	0	0	0	0	1	0	0	0	0	0	0	0	0	0	1	0	0	0	0	0	0	0	1	1	0	0	0	0	0	0	1	1	0	0	0	0	0	0	0	0	0	0	0	0	0	0	0	1	1	0	0	0	0	0	0	0	0	0	0	0	0	0	78.2	0	0.7183	112.1252	-3.9655	8	0	0	2.7457	-97.2453	112.2126	112.1252	0	0	0	0	0	0	0	0	0	0	0	0	0	0	0	0	0	0	0	0	0	0	0	0	0	0	0	2	0	0	0	2.3755	1270.2736	2.5326	3.8	0	0	0
"3,3,4-Trimethylheptane"	140668	86.4	0	0	0	0	0	0	0	0	0	0	0	0	0	0	1	0	1	1	1	464.9105	97.6056	0	0	0	0	0	0	0	0	0	0	0	0	0	1	1	1	1	0	0	0	0	0	0	0	1	0	0	0	0	1	1	1	1	1	1	1	0	1	0	0	0	0	0	0	0	0	0	0	0	0	0	0	0	0	0	0	0	0	0	0	0	0	0	0	0	0	0	0	0	0	0	0	0	0	0	0	0	0	0	0	0	0	82	0	0.7612	142.1722	3.6903	10	0	0	1.0835	-111.792	142.2817	142.1722	0	0	0	0	0	0	0	0	0	0	0	0	0	0	0	0	0	0	0	0	0	0	0	0	0	0	0	4	0	1	0	2.2273	174.4269	1.0961	4.9	0	0	0
6-Methyl-3-Heptene	175694	91.3	0	0	0	0	0	0	0	0	0	0	0	0	0	0	1	0	1	1	1	377.2568	122.8598	0	0	1	0	0	1	0	1	0	0	0	0	0	1	1	0	1	0	0	0	0	0	0	0	1	0	0	0	0	0	0	1	0	0	0	0	0	0	0	0	0	0	1	1	0	0	0	0	0	0	1	1	0	0	0	0	0	0	0	0	0	0	0	0	0	0	0	1	1	1	0	0	0	0	0	0	0	0	0	0	0	0	60.4	0	0.7985	112.1252	41.0145	8	0	0	3.2506	-102.1685	112.2126	112.1252	0	0	0	0	0	0	0	0	0	0	0	0	0	0	0	0	0	0	0	0	0	0	0	0	0	0	0	3	0	0	1	2.93	277.2164	2.7359	3.3	1	0	1
"1,1,2,4-Tetramethylcyclopentane"	522010	96.2	0	0	1	0	0	0	0	0	0	1	0	0	0	0	1	0	1	1	1	462.361	104.0265	0	0	0	0	0	0	0	0	0	0	0	0	0	1	1	1	1	0	0	0	0	0	0	0	1	0	0	0	0	1	1	1	1	1	1	1	1	1	0	0	0	0	0	0	0	0	0	0	0	0	0	0	0	0	0	0	0	0	0	0	0	0	0	0	0	0	0	0	0	0	0	0	0	0	0	1	0	1	0	0	0	0	103	0	0.7654	126.1409	33.6971	9	0	0	2.8881	-107.0312	126.2392	126.1409	0	0	0	0	0	0	0	0	0	0	0	0	0	0	0	0	0	0	0	0	0	0	0	0	0	0	0	0	0	2	0	3.3792	1120.5529	3.1134	3.9	0	0	0
"4,4-Dimethyl-2-Pentene"	5326158	105.3	0	0	0	0	0	0	0	0	0	0	0	0	0	0	0	0	1	0	1	445.9988	88.5055	0	0	1	0	0	1	0	1	0	0	0	0	0	1	1	1	0	0	0	0	0	0	0	0	1	0	0	0	0	0	0	0	0	0	0	0	0	0	0	0	0	0	1	1	0	0	0	0	0	0	1	1	0	0	0	0	0	0	0	0	0	0	0	0	0	0	0	1	1	0	0	0	0	0	0	0	0	0	0	0	0	0	62.6	1	0.7201	98.1095	18.7786	7	0	0	3.4918	-117.3419	98.1861	98.1095	0	0	0	0	0	0	0	0	0	0	0	0	0	0	0	0	0	0	0	0	0	0	0	0	0	0	0	1	0	0	0	3.3434	1393.0342	3.2395	3	1	0	1
6-Methyl-2-Heptene	5364870	71.3	0	0	0	0	0	0	0	0	0	0	0	0	0	0	1	0	1	1	1	470.6226	29.1727	0	0	1	0	0	1	0	1	0	0	0	0	0	1	1	0	1	0	0	0	0	0	0	0	1	0	0	0	0	0	0	1	1	0	1	0	0	0	0	0	0	0	1	1	0	0	0	0	0	0	1	1	0	0	0	0	0	0	0	0	0	0	0	0	0	0	0	1	1	1	0	0	0	0	0	0	0	0	0	0	0	0	60.4	1	12.7188	112.1252	18.4656	8	0	0	2.0406	-128.6501	112.2126	112.1252	0	0	0	0	0	0	0	0	0	0	0	0	0	0	0	0	0	0	0	0	0	0	0	0	0	0	0	3	0	0	0	2.4189	12614.659	2.7036	3.4	1	0	1
